0 duralloy_panelling shock/shock_000 0.008331 0 0 0 0.00833305 0.125 0 0.0083333328 0 -0.0083333328 0 0 0 0
1 duralloy_panelling shock/shock_001 0.008331 0 0 0 0.00833305 0.125 0 0.0083333328 0 -0.0083333328 0 0 0 0
2 magnetic_containment_system shock/shock_002 0.008331 0 0 0 0.00833305 0.125 0 0.0083333328 0 -0.0083333328 0 0 0 0
3 magnetic_containment_system shock/shock_003 0.008331 0 0 0 0.00833305 0.125 0 0.0083333328 0 -0.0083333328 0 0 0 0
4 magnetic_containment_system shock/shock_004 0.008331 0 0 0 0.00833305 0.125 0 0.0083333328 0 -0.0083333328 0 0 0 0
5 equipment_storage shock/shock_005 0.008331 0 0 0 0.00833305 0.125 0 0.0083333328 0 -0.0083333328 0 0 0 0
6 energy_monitoring_station shock/shock_006 0.008331 0 0 0 0.00833305 0.125 0 0.0083333328 0 -0.0083333328 0 0 0 0
7 rad_observation_console shock/shock_007 0.008331 0 0 0 0.00833305 0.125 0 0.0083333328 0 -0.0083333328 0 0 0 0
8 duct shock/shock_008 0.008331 0 0 0 0.00833305 0.125 0 0.0083333328 0 -0.0083333328 0 0 0 0
9 sensor_grid shock/shock_009 0.008331 0 0 0 0.00833305 0.125 0 0.0083333328 0 -0.0083333328 0 0 0 0
10 high_energy_transformer shock/shock_010 0.008331 0 0 0 0.00833305 0.125 0 0.0083333328 0 -0.0083333328 0 0 0 0
11 energy_conduits shock/shock_011 0.008331 0 0 0 0.00833305 0.125 0 0.0083333328 0 -0.0083333328 0 0 0 0
12 energy_conduits shock/shock_012 0.008331 0 0 0 0.00833305 0.125 0 0.0083333328 0 -0.0083333328 0 0 0 0
13 structo-punctuator shock/shock_013 0.008331 0 0 0 0.00833305 0.125 0 0.0083333328 0 -0.0083333328 0 0 0 0
14 energy_conduits shock/shock_014 0.008331 0 0 0 0.00833305 0.125 0 0.0083333328 0 -0.0083333328 0 0 0 0
15 energy_conduits shock/shock_015 0.008331 0 0 0 0.00833305 0.125 0 0.0083333328 0 -0.0083333328 0 0 0 0
16 energy_conduits shock/shock_016 0.008331 0 0 0 0.00833305 0.125 0 0.0083333328 0 -0.0083333328 0 0 0 0
17 molybdenum_panelling shock/shock_017 0.008331 0 0 0 0.00833305 0.125 0 0.0083333328 0 -0.0083333328 0 0 0 0
18 molybdenum_panelling shock/shock_018 0.008331 0 0 0 0.00833305 0.125 0 0.0083333328 0 -0.0083333328 0 0 0 0
19 cable_access_port shock/shock_019 0.008331 0 0 0 0.00833305 0.125 0 0.0083333328 0 -0.0083333328 0 0 0 0
20 halogen_lamp shock/shock_020 0.008331 0 0 0 0.00833305 0.125 0 0.0083333328 0 -0.0083333328 0 0 0 0
21 molybdenum_panelling shock/shock_021 0.008331 0 0 0 0.00833305 0.125 0 0.0083333328 0 -0.0083333328 0 0 0 0
22 molybdenum_panelling shock/shock_022 0.008331 0 0 0 0.00833305 0.125 0 0.0083333328 0 -0.0083333328 0 0 0 0
23 relay_network shock/shock_023 0.008331 0 0 0 0.00833305 0.125 0 0.0083333328 0 -0.0083333328 0 0 0 0
24 molybdenum_panelling shock/shock_024 0.008331 0 0 0 0.00833305 0.125 0 0.0083333328 0 -0.0083333328 0 0 0 0
25 power_coupling shock/shock_025 0.008331 0 0 0 0.00833305 0.125 0 0.0083333328 0 -0.0083333328 0 0 0 0
26 halogen_lighting shock/shock_026 0.008331 0 0 0 0.00833305 0.125 0 0.0083333328 0 -0.0083333328 0 0 0 0
27 circuit_relay shock/shock_027 0.008331 0 0 0 0.00833305 0.125 0 0.0083333328 0 -0.0083333328 0 0 0 0
28 relay_access_port shock/shock_028 0.008331 0 0 0 0.00833305 0.125 0 0.0083333328 0 -0.0083333328 0 0 0 0
29 power_monitor shock/shock_029 0.008331 0 0 0 0.00833305 0.125 0 0.0083333328 0 -0.0083333328 0 0 0 0
30 data_transfer_array shock/shock_030 0.008331 0 0 0 0.00833305 0.125 0 0.0083333328 0 -0.0083333328 0 0 0 0
31 diagnostic_module shock/shock_031 0.008331 0 0 0 0.00833305 0.125 0 0.0083333328 0 -0.0083333328 0 0 0 0
32 comm_panel shock/shock_032 0.008331 0 0 0 0.00833305 0.125 0 0.0083333328 0 -0.0083333328 0 0 0 0
33 fluorescent_lighting shock/shock_033 0.008331 0 0 0 0.00833305 0.125 0 0.0083333328 0 -0.0083333328 0 0 0 0
34 fluorescent_lighting shock/shock_034 0.008331 0 0 0 0.00833305 0.125 0 0.0083333328 0 -0.0083333328 0 0 0 0
35 fluorescent_lighting shock/shock_035 0.008331 0 0 0 0.00833305 0.125 0 0.0083333328 0 -0.0083333328 0 0 0 0
36 fluorescent_lighting shock/shock_036 0.008331 0 0 0 0.00833305 0.125 0 0.0083333328 0 -0.0083333328 0 0 0 0
37 rubberized_panelling shock/shock_037 0.008331 0 0 0 0.00833305 0.125 0 0.0083333328 0 -0.0083333328 0 0 0 0
38 clinical_panelling shock/shock_038 0.008331 0 0 0 0.00833305 0.125 0 0.0083333328 0 -0.0083333328 0 0 0 0
39 environmental_regulator shock/shock_039 0.008331 0 0 0 0.00833305 0.125 0 0.0083333328 0 -0.0083333328 0 0 0 0
40 medical_instruments shock/shock_040 0.008331 0 0 0 0.00833305 0.125 0 0.0083333328 0 -0.0083333328 0 0 0 0
41 medical_diagnostic_tools shock/shock_041 0.008331 0 0 0 0.00833305 0.125 0 0.0083333328 0 -0.0083333328 0 0 0 0
42 clinical_panelling shock/shock_042 0.008331 0 0 0 0.00833305 0.125 0 0.0083333328 0 -0.0083333328 0 0 0 0
43 clinical_panelling shock/shock_043 0.008331 0 0 0 0.00833305 0.125 0 0.0083333328 0 -0.0083333328 0 0 0 0
44 medical_computer shock/shock_044 0.008331 0 0 0 0.00833305 0.125 0 0.0083333328 0 -0.0083333328 0 0 0 0
45 healing_incubator shock/shock_045 0.008331 0 0 0 0.00833305 0.125 0 0.0083333328 0 -0.0083333328 0 0 0 0
46 clinical_panelling shock/shock_046 0.008331 0 0 0 0.00833305 0.125 0 0.0083333328 0 -0.0083333328 0 0 0 0
47 clinical_panelling shock/shock_047 0.008331 0 0 0 0.00833305 0.125 0 0.0083333328 0 -0.0083333328 0 0 0 0
48 clinical_panelling shock/shock_048 0.008331 0 0 0 0.00833305 0.125 0 0.0083333328 0 -0.0083333328 0 0 0 0
49 environmental_regulator shock/shock_049 0.008331 0 0 0 0.00833305 0.125 0 0.0083333328 0 -0.0083333328 0 0 0 0
50 clinical_panelling shock/shock_050 0.008331 0 0 0 0.00833305 0.125 0 0.0083333328 0 -0.0083333328 0 0 0 0
51 clinical_panelling shock/shock_051 0.008331 0 0 0 0.00833305 0.125 0 0.0083333328 0 -0.0083333328 0 0 0 0
52 fluorescent_lighting shock/shock_052 0.008331 0 0 0 0.00833305 0.125 0 0.0083333328 0 -0.0083333328 0 0 0 0
53 fluorescent_lighting shock/shock_053 0.008331 0 0 0 0.00833305 0.125 0 0.0083333328 0 -0.0083333328 0 0 0 0
54 duct shock/shock_054 0.008331 0 0 0 0.00833305 0.125 0 0.0083333328 0 -0.0083333328 0 0 0 0
55 duct shock/shock_055 0.008331 0 0 0 0.00833305 0.125 0 0.0083333328 0 -0.0083333328 0 0 0 0
56 pipes shock/shock_056 0.008331 0 0 0 0.00833305 0.125 0 0.0083333328 0 -0.0083333328 0 0 0 0
57 aluminum_panelling shock/shock_057 0.008331 0 0 0 0.00833305 0.125 0 0.0083333328 0 -0.0083333328 0 0 0 0
58 aluminum_panelling shock/shock_058 0.008331 0 0 0 0.00833305 0.125 0 0.0083333328 0 -0.0083333328 0 0 0 0
59 aluminum_panelling shock/shock_059 0.008331 0 0 0 0.00833305 0.125 0 0.0083333328 0 -0.0083333328 0 0 0 0
60 aluminum_panelling shock/shock_060 0.008331 0 0 0 0.00833305 0.125 0 0.0083333328 0 -0.0083333328 0 0 0 0
61 environmental_regulator shock/shock_061 0.008331 0 0 0 0.00833305 0.125 0 0.0083333328 0 -0.0083333328 0 0 0 0
62 molecular_analyzer shock/shock_062 0.008331 0 0 0 0.00833305 0.125 0 0.0083333328 0 -0.0083333328 0 0 0 0
63 environmental_regulator shock/shock_063 0.008331 0 0 0 0.00833305 0.125 0 0.0083333328 0 -0.0083333328 0 0 0 0
64 aluminum_panelling shock/shock_064 0.008331 0 0 0 0.00833305 0.125 0 0.0083333328 0 -0.0083333328 0 0 0 0
65 aluminum_panelling shock/shock_065 0.008331 0 0 0 0.00833305 0.125 0 0.0083333328 0 -0.0083333328 0 0 0 0
66 damaged_panelling shock/shock_066 0.008331 0 0 0 0.00833305 0.125 0 0.0083333328 0 -0.0083333328 0 0 0 0
67 matter_converter shock/shock_067 0.008331 0 0 0 0.00833305 0.125 0 0.0083333328 0 -0.0083333328 0 0 0 0
68 matter_converter shock/shock_068 0.008331 0 0 0 0.00833305 0.125 0 0.0083333328 0 -0.0083333328 0 0 0 0
69 damaged_regulator shock/shock_069 0.008331 0 0 0 0.00833305 0.125 0 0.0083333328 0 -0.0083333328 0 0 0 0
70 aluminum_panelling shock/shock_070 0.008331 0 0 0 0.00833305 0.125 0 0.0083333328 0 -0.0083333328 0 0 0 0
71 instruments shock/shock_071 0.008331 0 0 0 0.00833305 0.125 0 0.0083333328 0 -0.0083333328 0 0 0 0
72 instrument_panel shock/shock_072 0.008331 0 0 0 0.00833305 0.125 0 0.0083333328 0 -0.0083333328 0 0 0 0
73 aluminum_panelling shock/shock_073 0.008331 0 0 0 0.00833305 0.125 0 0.0083333328 0 -0.0083333328 0 0 0 0
74 diagnostic_panel shock/shock_074 0.008331 0 0 0 0.00833305 0.125 0 0.0083333328 0 -0.0083333328 0 0 0 0
75 composite_panelling shock/shock_075 0.008331 0 0 0 0.00833305 0.125 0 0.0083333328 0 -0.0083333328 0 0 0 0
76 diagnostic_panel shock/shock_076 0.008331 0 0 0 0.00833305 0.125 0 0.0083333328 0 -0.0083333328 0 0 0 0
77 instrument_panel shock/shock_077 0.008331 0 0 0 0.00833305 0.125 0 0.0083333328 0 -0.0083333328 0 0 0 0
78 data_conduit shock/shock_078 0.008331 0 0 0 0.00833305 0.125 0 0.0083333328 0 -0.0083333328 0 0 0 0
79 data_conduit shock/shock_079 0.008331 0 0 0 0.00833305 0.125 0 0.0083333328 0 -0.0083333328 0 0 0 0
80 atmospheric_regulator shock/shock_080 0.008331 0 0 0 0.00833305 0.125 0 0.0083333328 0 -0.0083333328 0 0 0 0
81 comm_port shock/shock_081 0.008331 0 0 0 0.00833305 0.125 0 0.0083333328 0 -0.0083333328 0 0 0 0
82 quartz_light_fixture shock/shock_082 0.008331 0 0 0 0.00833305 0.125 0 0.0083333328 0 -0.0083333328 0 0 0 0
83 quartz_light_fixture shock/shock_083 0.008331 0 0 0 0.00833305 0.125 0 0.0083333328 0 -0.0083333328 0 0 0 0
84 industrial_tiles shock/shock_084 0.008331 0 0 0 0.00833305 0.125 0 0.0083333328 0 -0.0083333328 0 0 0 0
85 industrial_tiles shock/shock_085 0.008331 0 0 0 0.00833305 0.125 0 0.0083333328 0 -0.0083333328 0 0 0 0
86 industrial_tiles shock/shock_086 0.008331 0 0 0 0.00833305 0.125 0 0.0083333328 0 -0.0083333328 0 0 0 0
87 industrial_tiles shock/shock_087 0.008331 0 0 0 0.00833305 0.125 0 0.0083333328 0 -0.0083333328 0 0 0 0
88 industrial_tiles shock/shock_088 0.008331 0 0 0 0.00833305 0.125 0 0.0083333328 0 -0.0083333328 0 0 0 0
89 industrial_tiles shock/shock_089 0.008331 0 0 0 0.00833305 0.125 0 0.0083333328 0 -0.0083333328 0 0 0 0
90 chemical_storage shock/shock_090 0.008331 0 0 0 0.00833305 0.125 0 0.0083333328 0 -0.0083333328 0 0 0 0
91 repair_station shock/shock_091 0.008331 0 0 0 0.00833305 0.125 0 0.0083333328 0 -0.0083333328 0 0 0 0
92 chemical_dispensory shock/shock_092 0.008331 0 0 0 0.00833305 0.125 0 0.0083333328 0 -0.0083333328 0 0 0 0
93 robot_diagnostic_system shock/shock_093 0.008331 0 0 0 0.00833305 0.125 0 0.0083333328 0 -0.0083333328 0 0 0 0
94 repair_station shock/shock_094 0.008331 0 0 0 0.00833305 0.125 0 0.0083333328 0 -0.0083333328 0 0 0 0
95 storage_area shock/shock_095 0.008331 0 0 0 0.00833305 0.125 0 0.0083333328 0 -0.0083333328 0 0 0 0
96 chemical_dispensory shock/shock_096 0.008331 0 0 0 0.00833305 0.125 0 0.0083333328 0 -0.0083333328 0 0 0 0
97 repair_station shock/shock_097 0.008331 0 0 0 0.00833305 0.125 0 0.0083333328 0 -0.0083333328 0 0 0 0
98 duct shock/shock_098 0.008331 0 0 0 0.00833305 0.125 0 0.0083333328 0 -0.0083333328 0 0 0 0
99 quartz_light_fixture shock/shock_099 0.008331 0 0 0 0.00833305 0.125 0 0.0083333328 0 -0.0083333328 0 0 0 0
100 hi-grip_surface shock/shock_100 0.008331 0 0 0 0.00833305 0.125 0 0.0083333328 0 -0.0083333328 0 0 0 0
101 energ-light shock/shock_101 0.008331 0 0 0 0.00833305 0.125 0 0.0083333328 0 -0.0083333328 0 0 0 0
102 energ-light shock/shock_102 0.008331 0 0 0 0.00833305 0.125 0 0.0083333328 0 -0.0083333328 0 0 0 0
103 energ-light shock/shock_103 0.008331 0 0 0 0.00833305 0.125 0 0.0083333328 0 -0.0083333328 0 0 0 0
104 energ-light shock/shock_104 0.008331 0 0 0 0.00833305 0.125 0 0.0083333328 0 -0.0083333328 0 0 0 0
105 no-scrape_storeroom_wall shock/shock_105 0.008331 0 0 0 0.00833305 0.125 0 0.0083333328 0 -0.0083333328 0 0 0 0
106 no-scrape_storeroom_wall shock/shock_106 0.008331 0 0 0 0.00833305 0.125 0 0.0083333328 0 -0.0083333328 0 0 0 0
107 no-scrape_storeroom_wall shock/shock_107 0.008331 0 0 0 0.00833305 0.125 0 0.0083333328 0 -0.0083333328 0 0 0 0
108 no-scrape_storeroom_wall shock/shock_108 0.008331 0 0 0 0.00833305 0.125 0 0.0083333328 0 -0.0083333328 0 0 0 0
109 no-scrape_storeroom_wall shock/shock_109 0.008331 0 0 0 0.00833305 0.125 0 0.0083333328 0 -0.0083333328 0 0 0 0
110 no-scrape_storeroom_wall shock/shock_110 0.008331 0 0 0 0.00833305 0.125 0 0.0083333328 0 -0.0083333328 0 0 0 0
111 non-dent_steel_panelling shock/shock_111 0.008331 0 0 0 0.00833305 0.125 0 0.0083333328 0 -0.0083333328 0 0 0 0
112 non-dent_steel_panelling shock/shock_112 0.008331 0 0 0 0.00833305 0.125 0 0.0083333328 0 -0.0083333328 0 0 0 0
113 non-dent_steel_panelling shock/shock_113 0.008331 0 0 0 0.00833305 0.125 0 0.0083333328 0 -0.0083333328 0 0 0 0
114 environmental_regulator shock/shock_114 0.008331 0 0 0 0.00833305 0.125 0 0.0083333328 0 -0.0083333328 0 0 0 0
115 structural_pillar shock/shock_115 0.008331 0 0 0 0.00833305 0.125 0 0.0083333328 0 -0.0083333328 0 0 0 0
116 non-dent_steel_panelling shock/shock_116 0.008331 0 0 0 0.00833305 0.125 0 0.0083333328 0 -0.0083333328 0 0 0 0
117 carpet shock/shock_117 0.008331 0 0 0 0.00833305 0.125 0 0.0083333328 0 -0.0083333328 0 0 0 0
118 elevator_panelling shock/shock_118 0.008331 0 0 0 0.00833305 0.125 0 0.0083333328 0 -0.0083333328 0 0 0 0
119 elevator_panelling shock/shock_119 0.008331 0 0 0 0.00833305 0.125 0 0.0083333328 0 -0.0083333328 0 0 0 0
120 soft_panelling shock/shock_120 0.008331 0 0 0 0.00833305 0.125 0 0.0083333328 0 -0.0083333328 0 0 0 0
121 burnt_panelling shock/shock_121 0.008331 0 0 0 0.00833305 0.125 0 0.0083333328 0 -0.0083333328 0 0 0 0
122 tech-rack shock/shock_122 0.008331 0 0 0 0.00833305 0.125 0 0.0083333328 0 -0.0083333328 0 0 0 0
123 tech-rack shock/shock_123 0.008331 0 0 0 0.00833305 0.125 0 0.0083333328 0 -0.0083333328 0 0 0 0
124 corridor_wall shock/shock_124 0.008331 0 0 0 0.00833305 0.125 0 0.0083333328 0 -0.0083333328 0 0 0 0
125 corridor_wall shock/shock_125 0.008331 0 0 0 0.00833305 0.125 0 0.0083333328 0 -0.0083333328 0 0 0 0
126 corridor_wall shock/shock_126 0.008331 0 0 0 0.00833305 0.125 0 0.0083333328 0 -0.0083333328 0 0 0 0
127 corridor_wall shock/shock_127 0.008331 0 0 0 0.00833305 0.125 0 0.0083333328 0 -0.0083333328 0 0 0 0
128 corridor_wall shock/shock_128 0.008331 0 0 0 0.00833305 0.125 0 0.0083333328 0 -0.0083333328 0 0 0 0
129 corridor_wall shock/shock_129 0.008331 0 0 0 0.00833305 0.125 0 0.0083333328 0 -0.0083333328 0 0 0 0
130 automatic_teller_machine shock/shock_130 0.008331 0 0 0 0.00833305 0.125 0 0.0083333328 0 -0.0083333328 0 0 0 0
131 duct shock/shock_131 0.008331 0 0 0 0.00833305 0.125 0 0.0083333328 0 -0.0083333328 0 0 0 0
132 automatic_teller_machine shock/shock_132 0.008331 0 0 0 0.00833305 0.125 0 0.0083333328 0 -0.0083333328 0 0 0 0
133 fold-up_bed shock/shock_133 0.008331 0 0 0 0.00833305 0.125 0 0.0083333328 0 -0.0083333328 0 0 0 0
134 fold-up_bed shock/shock_134 0.008331 0 0 0 0.00833305 0.125 0 0.0083333328 0 -0.0083333328 0 0 0 0
135 private_locker shock/shock_135 0.008331 0 0 0 0.00833305 0.125 0 0.0083333328 0 -0.0083333328 0 0 0 0
136 kitchenette shock/shock_136 0.008331 0 0 0 0.00833305 0.125 0 0.0083333328 0 -0.0083333328 0 0 0 0
137 kitchenette shock/shock_137 0.008331 0 0 0 0.00833305 0.125 0 0.0083333328 0 -0.0083333328 0 0 0 0
138 video_screen shock/shock_138 0.008331 0 0 0 0.00833305 0.125 0 0.0083333328 0 -0.0083333328 0 0 0 0
139 molybdenum_panelling shock/shock_139 0.008331 0 0 0 0.00833305 0.125 0 0.0083333328 0 -0.0083333328 0 0 0 0
140 molybdenum_panelling shock/shock_140 0.008331 0 0 0 0.00833305 0.125 0 0.0083333328 0 -0.0083333328 0 0 0 0
141 light_fixture shock/shock_141 0.008331 0 0 0 0.00833305 0.125 0 0.0083333328 0 -0.0083333328 0 0 0 0
142 data_transfer_schematic shock/shock_142 0.008331 0 0 0 0.00833305 0.125 0 0.0083333328 0 -0.0083333328 0 0 0 0
143 silver_panelling shock/shock_143 0.008331 0 0 0 0.00833305 0.125 0 0.0083333328 0 -0.0083333328 0 0 0 0
144 light_fixture shock/shock_144 0.008331 0 0 0 0.00833305 0.125 0 0.0083333328 0 -0.0083333328 0 0 0 0
145 silver_panelling shock/shock_145 0.008331 0 0 0 0.00833305 0.125 0 0.0083333328 0 -0.0083333328 0 0 0 0
146 obsidian_slab shock/shock_146 0.008331 0 0 0 0.00833305 0.125 0 0.0083333328 0 -0.0083333328 0 0 0 0
147 carpet shock/shock_147 0.008331 0 0 0 0.00833305 0.125 0 0.0083333328 0 -0.0083333328 0 0 0 0
148 parquet_tiling shock/shock_148 0.008331 0 0 0 0.00833305 0.125 0 0.0083333328 0 -0.0083333328 0 0 0 0
149 obsidian_slab shock/shock_149 0.008331 0 0 0 0.00833305 0.125 0 0.0083333328 0 -0.0083333328 0 0 0 0
150 marble_slab shock/shock_150 0.008331 0 0 0 0.00833305 0.125 0 0.0083333328 0 -0.0083333328 0 0 0 0
151 marble_slab shock/shock_151 0.008331 0 0 0 0.00833305 0.125 0 0.0083333328 0 -0.0083333328 0 0 0 0
152 trioptimum_logo shock/shock_152 0.008331 0 0 0 0.00833305 0.125 0 0.0083333328 0 -0.0083333328 0 0 0 0
153 trioptimum_logo shock/shock_153 0.008331 0 0 0 0.00833305 0.125 0 0.0083333328 0 -0.0083333328 0 0 0 0
154 hi-grip_surface shock/shock_154 0.008331 0 0 0 0.00833305 0.125 0 0.0083333328 0 -0.0083333328 0 0 0 0
155 halogen_light_fixture shock/shock_155 0.008331 0 0 0 0.00833305 0.125 0 0.0083333328 0 -0.0083333328 0 0 0 0
156 hi-grip_surface shock/shock_156 0.008331 0 0 0 0.00833305 0.125 0 0.0083333328 0 -0.0083333328 0 0 0 0
157 damaged_light_fixture shock/shock_157 0.008331 0 0 0 0.00833305 0.125 0 0.0083333328 0 -0.0083333328 0 0 0 0
158 environmental_regulator shock/shock_158 0.008331 0 0 0 0.00833305 0.125 0 0.0083333328 0 -0.0083333328 0 0 0 0
159 fluid_transport_pipes shock/shock_159 0.008331 0 0 0 0.00833305 0.125 0 0.0083333328 0 -0.0083333328 0 0 0 0
160 engineering_panelling shock/shock_160 0.008331 0 0 0 0.00833305 0.125 0 0.0083333328 0 -0.0083333328 0 0 0 0
161 fluid_transport_pipes shock/shock_161 0.008331 0 0 0 0.00833305 0.125 0 0.0083333328 0 -0.0083333328 0 0 0 0
162 system_function_gauges shock/shock_162 0.008331 0 0 0 0.00833305 0.125 0 0.0083333328 0 -0.0083333328 0 0 0 0
163 engineering_instruments shock/shock_163 0.008331 0 0 0 0.00833305 0.125 0 0.0083333328 0 -0.0083333328 0 0 0 0
164 electric_cable_access shock/shock_164 0.008331 0 0 0 0.00833305 0.125 0 0.0083333328 0 -0.0083333328 0 0 0 0
165 data_circuit_access_port shock/shock_165 0.008331 0 0 0 0.00833305 0.125 0 0.0083333328 0 -0.0083333328 0 0 0 0
166 observation_station shock/shock_166 0.008331 0 0 0 0.00833305 0.125 0 0.0083333328 0 -0.0083333328 0 0 0 0
167 engineering_panelling shock/shock_167 0.008331 0 0 0 0.00833305 0.125 0 0.0083333328 0 -0.0083333328 0 0 0 0
168 atmospheric_regulator shock/shock_168 0.008331 0 0 0 0.00833305 0.125 0 0.0083333328 0 -0.0083333328 0 0 0 0
169 fluid_transport_pipes shock/shock_169 0.008331 0 0 0 0.00833305 0.125 0 0.0083333328 0 -0.0083333328 0 0 0 0
170 instruments shock/shock_170 0.008331 0 0 0 0.00833305 0.125 0 0.0083333328 0 -0.0083333328 0 0 0 0
171 instruments shock/shock_171 0.008331 0 0 0 0.00833305 0.125 0 0.0083333328 0 -0.0083333328 0 0 0 0
172 ladder shock/shock_172 0.008331 0 0 0 0.00833305 0.125 0 0.0083333328 0 -0.0083333328 0 0 0 0
173 data_access_port shock/shock_173 0.008331 0 0 0 0.00833305 0.125 0 0.0083333328 0 -0.0083333328 0 0 0 0
174 instruments shock/shock_174 0.008331 0 0 0 0.00833305 0.125 0 0.0083333328 0 -0.0083333328 0 0 0 0
175 panelling shock/shock_175 0.008331 0 0 0 0.00833305 0.125 0 0.0083333328 0 -0.0083333328 0 0 0 0
176 stone_mosaic_tiling shock/shock_176 0.008331 0 0 0 0.00833305 0.125 0 0.0083333328 0 -0.0083333328 0 0 0 0
177 observation_ceiling shock/shock_177 0.008331 0 0 0 0.00833305 0.125 0 0.0083333328 0 -0.0083333328 0 0 0 0
178 SHODAN_neural_bud shock/shock_178 0.008331 0 0 0 0.00833305 0.125 0 0.0083333328 0 -0.0083333328 0 0 0 0
179 biological_infestation shock/shock_179 0.008331 0 0 0 0.00833305 0.125 0 0.0083333328 0 -0.0083333328 0 0 0 0
180 burnished_platinum_panelling shock/shock_180 0.008331 0 0 0 0.00833305 0.125 0 0.0083333328 0 -0.0083333328 0 0 0 0
181 cyber_station shock/shock_181 0.008331 0 0 0 0.00833305 0.125 0 0.0083333328 0 -0.0083333328 0 0 0 0
182 overgrowth shock/shock_182 0.008331 0 0 0 0.00833305 0.125 0 0.0083333328 0 -0.0083333328 0 0 0 0
183 burnished_platinum_panelling shock/shock_183 0.008331 0 0 0 0.00833305 0.125 0 0.0083333328 0 -0.0083333328 0 0 0 0
184 video_observation_screen shock/shock_184 0.008331 0 0 0 0.00833305 0.125 0 0.0083333328 0 -0.0083333328 0 0 0 0
185 flood_light shock/shock_185 0.008331 0 0 0 0.00833305 0.125 0 0.0083333328 0 -0.0083333328 0 0 0 0
186 monitoring_post shock/shock_186 0.008331 0 0 0 0.00833305 0.125 0 0.0083333328 0 -0.0083333328 0 0 0 0
187 monitoring_post shock/shock_187 0.008331 0 0 0 0.00833305 0.125 0 0.0083333328 0 -0.0083333328 0 0 0 0
188 incandescent_light shock/shock_188 0.008331 0 0 0 0.00833305 0.125 0 0.0083333328 0 -0.0083333328 0 0 0 0
189 grating shock/shock_189 0.008331 0 0 0 0.00833305 0.125 0 0.0083333328 0 -0.0083333328 0 0 0 0
190 access_station shock/shock_190 0.008331 0 0 0 0.00833305 0.125 0 0.0083333328 0 -0.0083333328 0 0 0 0
191 access_station shock/shock_191 0.008331 0 0 0 0.00833305 0.125 0 0.0083333328 0 -0.0083333328 0 0 0 0
192 fluid_transport_pipes shock/shock_192 0.008331 0 0 0 0.00833305 0.125 0 0.0083333328 0 -0.0083333328 0 0 0 0
193 access_station shock/shock_193 0.008331 0 0 0 0.00833305 0.125 0 0.0083333328 0 -0.0083333328 0 0 0 0
194 fluid_transport_pipes shock/shock_194 0.008331 0 0 0 0.00833305 0.125 0 0.0083333328 0 -0.0083333328 0 0 0 0
195 power_conduits shock/shock_195 0.008331 0 0 0 0.00833305 0.125 0 0.0083333328 0 -0.0083333328 0 0 0 0
196 ladder shock/shock_196 0.008331 0 0 0 0.00833305 0.125 0 0.0083333328 0 -0.0083333328 0 0 0 0
197 access_station shock/shock_197 0.008331 0 0 0 0.00833305 0.125 0 0.0083333328 0 -0.0083333328 0 0 0 0
198 access_station shock/shock_198 0.008331 0 0 0 0.00833305 0.125 0 0.0083333328 0 -0.0083333328 0 0 0 0
199 fluid_transport_pipes shock/shock_199 0.008331 0 0 0 0.00833305 0.125 0 0.0083333328 0 -0.0083333328 0 0 0 0
200 access_station shock/shock_200 0.008331 0 0 0 0.00833305 0.125 0 0.0083333328 0 -0.0083333328 0 0 0 0
201 fluid_transport_pipes shock/shock_201 0.008331 0 0 0 0.00833305 0.125 0 0.0083333328 0 -0.0083333328 0 0 0 0
202 grass shock/shock_202 0.008331 0 0 0 0.00833305 0.125 0 0.0083333328 0 -0.0083333328 0 0 0 0
203 grass shock/shock_203 0.008331 0 0 0 0.00833305 0.125 0 0.0083333328 0 -0.0083333328 0 0 0 0
204 wet_grass shock/shock_204 0.008331 0 0 0 0.00833305 0.125 0 0.0083333328 0 -0.0083333328 0 0 0 0
205 space shock/shock_205 0.008331 0 0 0 0.00833305 0.125 0 0.0083333328 0 -0.0083333328 0 0 0 0
206 environment_pod_wall shock/shock_206 0.008331 0 0 0 0.00833305 0.125 0 0.0083333328 0 -0.0083333328 0 0 0 0
207 overgrowth shock/shock_207 0.008331 0 0 0 0.00833305 0.125 0 0.0083333328 0 -0.0083333328 0 0 0 0
208 environment_pod_wall shock/shock_208 0.008331 0 0 0 0.00833305 0.125 0 0.0083333328 0 -0.0083333328 0 0 0 0
209 overgrown_panel shock/shock_209 0.008331 0 0 0 0.00833305 0.125 0 0.0083333328 0 -0.0083333328 0 0 0 0
210 environment_regulator shock/shock_210 0.008331 0 0 0 0.00833305 0.125 0 0.0083333328 0 -0.0083333328 0 0 0 0
211 overgrowth shock/shock_211 0.008331 0 0 0 0.00833305 0.125 0 0.0083333328 0 -0.0083333328 0 0 0 0
212 sprinkler_system shock/shock_212 0.008331 0 0 0 0.00833305 0.125 0 0.0083333328 0 -0.0083333328 0 0 0 0
213 overgrowth shock/shock_213 0.008331 0 0 0 0.00833305 0.125 0 0.0083333328 0 -0.0083333328 0 0 0 0
214 lecture_screen shock/shock_214 0.008331 0 0 0 0.00833305 0.125 0 0.0083333328 0 -0.0083333328 0 0 0 0
215 fluorescent_light shock/shock_215 0.008331 0 0 0 0.00833305 0.125 0 0.0083333328 0 -0.0083333328 0 0 0 0
216 fluorescent_light shock/shock_216 0.008331 0 0 0 0.00833305 0.125 0 0.0083333328 0 -0.0083333328 0 0 0 0
217 high-power_light shock/shock_217 0.008331 0 0 0 0.00833305 0.125 0 0.0083333328 0 -0.0083333328 0 0 0 0
218 high-power_light shock/shock_218 0.008331 0 0 0 0.00833305 0.125 0 0.0083333328 0 -0.0083333328 0 0 0 0
219 tile_panelling shock/shock_219 0.008331 0 0 0 0.00833305 0.125 0 0.0083333328 0 -0.0083333328 0 0 0 0
220 tile_panelling shock/shock_220 0.008331 0 0 0 0.00833305 0.125 0 0.0083333328 0 -0.0083333328 0 0 0 0
221 sof-impac_panelling shock/shock_221 0.008331 0 0 0 0.00833305 0.125 0 0.0083333328 0 -0.0083333328 0 0 0 0
222 comm_port shock/shock_222 0.008331 0 0 0 0.00833305 0.125 0 0.0083333328 0 -0.0083333328 0 0 0 0
223 comm_port shock/shock_223 0.008331 0 0 0 0.00833305 0.125 0 0.0083333328 0 -0.0083333328 0 0 0 0
224 environmental_regulator shock/shock_224 0.008331 0 0 0 0.00833305 0.125 0 0.0083333328 0 -0.0083333328 0 0 0 0
225 environmental_regulator shock/shock_225 0.008331 0 0 0 0.00833305 0.125 0 0.0083333328 0 -0.0083333328 0 0 0 0
226 soft_panelling shock/shock_226 0.008331 0 0 0 0.00833305 0.125 0 0.0083333328 0 -0.0083333328 0 0 0 0
227 soft_panelling shock/shock_227 0.008331 0 0 0 0.00833305 0.125 0 0.0083333328 0 -0.0083333328 0 0 0 0
228 modular_panelling shock/shock_228 0.008331 0 0 0 0.00833305 0.125 0 0.0083333328 0 -0.0083333328 0 0 0 0
229 biological_infestation shock/shock_229 0.008331 0 0 0 0.00833305 0.125 0 0.0083333328 0 -0.0083333328 0 0 0 0
230 biological_infestation shock/shock_230 0.008331 0 0 0 0.00833305 0.125 0 0.0083333328 0 -0.0083333328 0 0 0 0
231 biological_infestation shock/shock_231 0.008331 0 0 0 0.00833305 0.125 0 0.0083333328 0 -0.0083333328 0 0 0 0
232 biological_infestation shock/shock_232 0.008331 0 0 0 0.00833305 0.125 0 0.0083333328 0 -0.0083333328 0 0 0 0
233 power_exchanger shock/shock_233 0.008331 0 0 0 0.00833305 0.125 0 0.0083333328 0 -0.0083333328 0 0 0 0
234 power_exchanger shock/shock_234 0.008331 0 0 0 0.00833305 0.125 0 0.0083333328 0 -0.0083333328 0 0 0 0
235 power_exchanger shock/shock_235 0.008331 0 0 0 0.00833305 0.125 0 0.0083333328 0 -0.0083333328 0 0 0 0
236 power_exchanger shock/shock_236 0.008331 0 0 0 0.00833305 0.125 0 0.0083333328 0 -0.0083333328 0 0 0 0
237 field_generation_rotor shock/shock_237 0.008331 0 0 0 0.00833305 0.125 0 0.0083333328 0 -0.0083333328 0 0 0 0
238 field_generation_rotor shock/shock_238 0.008331 0 0 0 0.00833305 0.125 0 0.0083333328 0 -0.0083333328 0 0 0 0
239 field_generation_rotor shock/shock_239 0.008331 0 0 0 0.00833305 0.125 0 0.0083333328 0 -0.0083333328 0 0 0 0
240 field_generation_rotor shock/shock_240 0.008331 0 0 0 0.00833305 0.125 0 0.0083333328 0 -0.0083333328 0 0 0 0
241 biological_infestation shock/shock_241 0.008331 0 0 0 0.00833305 0.125 0 0.0083333328 0 -0.0083333328 0 0 0 0
242 biological_infestation shock/shock_242 0.008331 0 0 0 0.00833305 0.125 0 0.0083333328 0 -0.0083333328 0 0 0 0
243 biological_infestation shock/shock_243 0.008331 0 0 0 0.00833305 0.125 0 0.0083333328 0 -0.0083333328 0 0 0 0
244 biological_infestation shock/shock_244 0.008331 0 0 0 0.00833305 0.125 0 0.0083333328 0 -0.0083333328 0 0 0 0
245 virus_infestation shock/shock_245 0.008331 0 0 0 0.00833305 0.125 0 0.0083333328 0 -0.0083333328 0 0 0 0
246 virus_infestation shock/shock_246 0.008331 0 0 0 0.00833305 0.125 0 0.0083333328 0 -0.0083333328 0 0 0 0
247 virus_infestation shock/shock_247 0.008331 0 0 0 0.00833305 0.125 0 0.0083333328 0 -0.0083333328 0 0 0 0
248 virus_infestation shock/shock_248 0.008331 0 0 0 0.00833305 0.125 0 0.0083333328 0 -0.0083333328 0 0 0 0
249 virus_infestation shock/shock_249 0.008331 0 0 0 0.00833305 0.125 0 0.0083333328 0 -0.0083333328 0 0 0 0
250 virus_infestation shock/shock_250 0.008331 0 0 0 0.00833305 0.125 0 0.0083333328 0 -0.0083333328 0 0 0 0
251 grip_surface shock/shock_251 0.008331 0 0 0 0.00833305 0.125 0 0.0083333328 0 -0.0083333328 0 0 0 0
252 repulsor_lift shock/shock_252 0.008331 0 0 0 0.00833305 0.125 0 0.0083333328 0 -0.0083333328 0 0 0 0
253 repulsor_lift shock/shock_253 0.008331 0 0 0 0.00833305 0.125 0 0.0083333328 0 -0.0083333328 0 0 0 0
254 grip_surface shock/shock_254 0.008331 0 0 0 0.00833305 0.125 0 0.0083333328 0 -0.0083333328 0 0 0 0
255 grip_surface shock/shock_255 0.008331 0 0 0 0.00833305 0.125 0 0.0083333328 0 -0.0083333328 0 0 0 0
256 grip_surface shock/shock_256 0.008331 0 0 0 0.00833305 0.125 0 0.0083333328 0 -0.0083333328 0 0 0 0
257 grip_surface shock/shock_257 0.008331 0 0 0 0.00833305 0.125 0 0.0083333328 0 -0.0083333328 0 0 0 0
258 computer shock/shock_258 0.008331 0 0 0 0.00833305 0.125 0 0.0083333328 0 -0.0083333328 0 0 0 0
259 titanium_panelling shock/shock_259 0.008331 0 0 0 0.00833305 0.125 0 0.0083333328 0 -0.0083333328 0 0 0 0
260 thick_rug shock/shock_260 0.008331 0 0 0 0.00833305 0.125 0 0.0083333328 0 -0.0083333328 0 0 0 0
261 oak_panelling shock/shock_261 0.008331 0 0 0 0.00833305 0.125 0 0.0083333328 0 -0.0083333328 0 0 0 0
262 rich_marble shock/shock_262 0.008331 0 0 0 0.00833305 0.125 0 0.0083333328 0 -0.0083333328 0 0 0 0
263 rich_marble shock/shock_263 0.008331 0 0 0 0.00833305 0.125 0 0.0083333328 0 -0.0083333328 0 0 0 0
264 rich_marble shock/shock_264 0.008331 0 0 0 0.00833305 0.125 0 0.0083333328 0 -0.0083333328 0 0 0 0
265 rich_marble shock/shock_265 0.008331 0 0 0 0.00833305 0.125 0 0.0083333328 0 -0.0083333328 0 0 0 0
266 display_screen shock/shock_266 0.008331 0 0 0 0.00833305 0.125 0 0.0083333328 0 -0.0083333328 0 0 0 0
267 cracked_radiation_tile shock/shock_267 0.008331 0 0 0 0.00833305 0.125 0 0.0083333328 0 -0.0083333328 0 0 0 0
268 cracked_radiation_tile shock/shock_268 0.008331 0 0 0 0.00833305 0.125 0 0.0083333328 0 -0.0083333328 0 0 0 0
269 jump_disk shock/shock_269 0.008331 0 0 0 0.00833305 0.125 0 0.0083333328 0 -0.0083333328 0 0 0 0
270 restoration_bay shock/shock_270 0.008331 0 0 0 0.00833305 0.125 0 0.0083333328 0 -0.0083333328 0 0 0 0
271 biological_infestation shock/shock_271 0.008331 0 0 0 0.00833305 0.125 0 0.0083333328 0 -0.0083333328 0 0 0 0
272 biological_infestation shock/shock_272 0.008331 0 0 0 0.00833305 0.125 0 0.0083333328 0 -0.0083333328 0 0 0 0
273 debug shock/shock_010 0.008331 0 0 0 0.00833305 0.125 0 0.0083333328 0 -0.0083333328 0 0 0 0