0 duralloy_panelling shock_000 0.008331 0 0 0 0.00833305 0.125 0 0.0083333328 0 -0.0083333328 0 0 0 0
1 duralloy_panelling shock_001 0.008331 0 0 0 0.00833305 0.125 0 0.0083333328 0 -0.0083333328 0 0 0 0
2 magnetic_containment_system shock_002 0.008331 0 0 0 0.00833305 0.125 0 0.0083333328 0 -0.0083333328 0 0 0 0
3 magnetic_containment_system shock_003 0.008331 0 0 0 0.00833305 0.125 0 0.0083333328 0 -0.0083333328 0 0 0 0
4 magnetic_containment_system shock_004 0.008331 0 0 0 0.00833305 0.125 0 0.0083333328 0 -0.0083333328 0 0 0 0
5 equipment_storage shock_005 0.008331 0 0 0 0.00833305 0.125 0 0.0083333328 0 -0.0083333328 0 0 0 0
6 energy_monitoring_station shock_006 0.008331 0 0 0 0.00833305 0.125 0 0.0083333328 0 -0.0083333328 0 0 0 0
7 rad_observation_console shock_007 0.008331 0 0 0 0.00833305 0.125 0 0.0083333328 0 -0.0083333328 0 0 0 0
8 duct shock_008 0.008331 0 0 0 0.00833305 0.125 0 0.0083333328 0 -0.0083333328 0 0 0 0
9 sensor_grid shock_009 0.008331 0 0 0 0.00833305 0.125 0 0.0083333328 0 -0.0083333328 0 0 0 0
10 high_energy_transformer shock_010 0.008331 0 0 0 0.00833305 0.125 0 0.0083333328 0 -0.0083333328 0 0 0 0
11 energy_conduits shock_011 0.008331 0 0 0 0.00833305 0.125 0 0.0083333328 0 -0.0083333328 0 0 0 0
12 energy_conduits shock_012 0.008331 0 0 0 0.00833305 0.125 0 0.0083333328 0 -0.0083333328 0 0 0 0
13 structo-punctuator shock_013 0.008331 0 0 0 0.00833305 0.125 0 0.0083333328 0 -0.0083333328 0 0 0 0
14 energy_conduits shock_014 0.008331 0 0 0 0.00833305 0.125 0 0.0083333328 0 -0.0083333328 0 0 0 0
15 energy_conduits shock_015 0.008331 0 0 0 0.00833305 0.125 0 0.0083333328 0 -0.0083333328 0 0 0 0
16 energy_conduits shock_016 0.008331 0 0 0 0.00833305 0.125 0 0.0083333328 0 -0.0083333328 0 0 0 0
17 molybdenum_panelling shock_017 0.008331 0 0 0 0.00833305 0.125 0 0.0083333328 0 -0.0083333328 0 0 0 0
18 molybdenum_panelling shock_018 0.008331 0 0 0 0.00833305 0.125 0 0.0083333328 0 -0.0083333328 0 0 0 0
19 cable_access_port shock_019 0.008331 0 0 0 0.00833305 0.125 0 0.0083333328 0 -0.0083333328 0 0 0 0
20 halogen_lamp shock_020 0.008331 0 0 0 0.00833305 0.125 0 0.0083333328 0 -0.0083333328 0 0 0 0
21 molybdenum_panelling shock_021 0.008331 0 0 0 0.00833305 0.125 0 0.0083333328 0 -0.0083333328 0 0 0 0
22 molybdenum_panelling shock_022 0.008331 0 0 0 0.00833305 0.125 0 0.0083333328 0 -0.0083333328 0 0 0 0
23 relay_network shock_023 0.008331 0 0 0 0.00833305 0.125 0 0.0083333328 0 -0.0083333328 0 0 0 0
24 molybdenum_panelling shock_024 0.008331 0 0 0 0.00833305 0.125 0 0.0083333328 0 -0.0083333328 0 0 0 0
25 power_coupling shock_025 0.008331 0 0 0 0.00833305 0.125 0 0.0083333328 0 -0.0083333328 0 0 0 0
26 halogen_lighting shock_026 0.008331 0 0 0 0.00833305 0.125 0 0.0083333328 0 -0.0083333328 0 0 0 0
27 circuit_relay shock_027 0.008331 0 0 0 0.00833305 0.125 0 0.0083333328 0 -0.0083333328 0 0 0 0
28 relay_access_port shock_028 0.008331 0 0 0 0.00833305 0.125 0 0.0083333328 0 -0.0083333328 0 0 0 0
29 power_monitor shock_029 0.008331 0 0 0 0.00833305 0.125 0 0.0083333328 0 -0.0083333328 0 0 0 0
30 data_transfer_array shock_030 0.008331 0 0 0 0.00833305 0.125 0 0.0083333328 0 -0.0083333328 0 0 0 0
31 diagnostic_module shock_031 0.008331 0 0 0 0.00833305 0.125 0 0.0083333328 0 -0.0083333328 0 0 0 0
32 comm_panel shock_032 0.008331 0 0 0 0.00833305 0.125 0 0.0083333328 0 -0.0083333328 0 0 0 0
33 fluorescent_lighting shock_033 0.008331 0 0 0 0.00833305 0.125 0 0.0083333328 0 -0.0083333328 0 0 0 0
34 fluorescent_lighting shock_034 0.008331 0 0 0 0.00833305 0.125 0 0.0083333328 0 -0.0083333328 0 0 0 0
35 fluorescent_lighting shock_035 0.008331 0 0 0 0.00833305 0.125 0 0.0083333328 0 -0.0083333328 0 0 0 0
36 fluorescent_lighting shock_036 0.008331 0 0 0 0.00833305 0.125 0 0.0083333328 0 -0.0083333328 0 0 0 0
37 rubberized_panelling shock_037 0.008331 0 0 0 0.00833305 0.125 0 0.0083333328 0 -0.0083333328 0 0 0 0
38 clinical_panelling shock_038 0.008331 0 0 0 0.00833305 0.125 0 0.0083333328 0 -0.0083333328 0 0 0 0
39 environmental_regulator shock_039 0.008331 0 0 0 0.00833305 0.125 0 0.0083333328 0 -0.0083333328 0 0 0 0
40 medical_instruments shock_040 0.008331 0 0 0 0.00833305 0.125 0 0.0083333328 0 -0.0083333328 0 0 0 0
41 medical_diagnostic_tools shock_041 0.008331 0 0 0 0.00833305 0.125 0 0.0083333328 0 -0.0083333328 0 0 0 0
42 clinical_panelling shock_042 0.008331 0 0 0 0.00833305 0.125 0 0.0083333328 0 -0.0083333328 0 0 0 0
43 clinical_panelling shock_043 0.008331 0 0 0 0.00833305 0.125 0 0.0083333328 0 -0.0083333328 0 0 0 0
44 medical_computer shock_044 0.008331 0 0 0 0.00833305 0.125 0 0.0083333328 0 -0.0083333328 0 0 0 0
45 healing_incubator shock_045 0.008331 0 0 0 0.00833305 0.125 0 0.0083333328 0 -0.0083333328 0 0 0 0
46 clinical_panelling shock_046 0.008331 0 0 0 0.00833305 0.125 0 0.0083333328 0 -0.0083333328 0 0 0 0
47 clinical_panelling shock_047 0.008331 0 0 0 0.00833305 0.125 0 0.0083333328 0 -0.0083333328 0 0 0 0
48 clinical_panelling shock_048 0.008331 0 0 0 0.00833305 0.125 0 0.0083333328 0 -0.0083333328 0 0 0 0
49 environmental_regulator shock_049 0.008331 0 0 0 0.00833305 0.125 0 0.0083333328 0 -0.0083333328 0 0 0 0
50 clinical_panelling shock_050 0.008331 0 0 0 0.00833305 0.125 0 0.0083333328 0 -0.0083333328 0 0 0 0
51 clinical_panelling shock_051 0.008331 0 0 0 0.00833305 0.125 0 0.0083333328 0 -0.0083333328 0 0 0 0
52 fluorescent_lighting shock_052 0.008331 0 0 0 0.00833305 0.125 0 0.0083333328 0 -0.0083333328 0 0 0 0
53 fluorescent_lighting shock_053 0.008331 0 0 0 0.00833305 0.125 0 0.0083333328 0 -0.0083333328 0 0 0 0
54 duct shock_054 0.008331 0 0 0 0.00833305 0.125 0 0.0083333328 0 -0.0083333328 0 0 0 0
55 duct shock_055 0.008331 0 0 0 0.00833305 0.125 0 0.0083333328 0 -0.0083333328 0 0 0 0
56 pipes shock_056 0.008331 0 0 0 0.00833305 0.125 0 0.0083333328 0 -0.0083333328 0 0 0 0
57 aluminum_panelling shock_057 0.008331 0 0 0 0.00833305 0.125 0 0.0083333328 0 -0.0083333328 0 0 0 0
58 aluminum_panelling shock_058 0.008331 0 0 0 0.00833305 0.125 0 0.0083333328 0 -0.0083333328 0 0 0 0
59 aluminum_panelling shock_059 0.008331 0 0 0 0.00833305 0.125 0 0.0083333328 0 -0.0083333328 0 0 0 0
60 aluminum_panelling shock_060 0.008331 0 0 0 0.00833305 0.125 0 0.0083333328 0 -0.0083333328 0 0 0 0
61 environmental_regulator shock_061 0.008331 0 0 0 0.00833305 0.125 0 0.0083333328 0 -0.0083333328 0 0 0 0
62 molecular_analyzer shock_062 0.008331 0 0 0 0.00833305 0.125 0 0.0083333328 0 -0.0083333328 0 0 0 0
63 environmental_regulator shock_063 0.008331 0 0 0 0.00833305 0.125 0 0.0083333328 0 -0.0083333328 0 0 0 0
64 aluminum_panelling shock_064 0.008331 0 0 0 0.00833305 0.125 0 0.0083333328 0 -0.0083333328 0 0 0 0
65 aluminum_panelling shock_065 0.008331 0 0 0 0.00833305 0.125 0 0.0083333328 0 -0.0083333328 0 0 0 0
66 damaged_panelling shock_066 0.008331 0 0 0 0.00833305 0.125 0 0.0083333328 0 -0.0083333328 0 0 0 0
67 matter_converter shock_067 0.008331 0 0 0 0.00833305 0.125 0 0.0083333328 0 -0.0083333328 0 0 0 0
68 matter_converter shock_068 0.008331 0 0 0 0.00833305 0.125 0 0.0083333328 0 -0.0083333328 0 0 0 0
69 damaged_regulator shock_069 0.008331 0 0 0 0.00833305 0.125 0 0.0083333328 0 -0.0083333328 0 0 0 0
70 aluminum_panelling shock_070 0.008331 0 0 0 0.00833305 0.125 0 0.0083333328 0 -0.0083333328 0 0 0 0
71 instruments shock_071 0.008331 0 0 0 0.00833305 0.125 0 0.0083333328 0 -0.0083333328 0 0 0 0
72 instrument_panel shock_072 0.008331 0 0 0 0.00833305 0.125 0 0.0083333328 0 -0.0083333328 0 0 0 0
73 aluminum_panelling shock_073 0.008331 0 0 0 0.00833305 0.125 0 0.0083333328 0 -0.0083333328 0 0 0 0
74 diagnostic_panel shock_074 0.008331 0 0 0 0.00833305 0.125 0 0.0083333328 0 -0.0083333328 0 0 0 0
75 composite_panelling shock_075 0.008331 0 0 0 0.00833305 0.125 0 0.0083333328 0 -0.0083333328 0 0 0 0
76 diagnostic_panel shock_076 0.008331 0 0 0 0.00833305 0.125 0 0.0083333328 0 -0.0083333328 0 0 0 0
77 instrument_panel shock_077 0.008331 0 0 0 0.00833305 0.125 0 0.0083333328 0 -0.0083333328 0 0 0 0
78 data_conduit shock_078 0.008331 0 0 0 0.00833305 0.125 0 0.0083333328 0 -0.0083333328 0 0 0 0
79 data_conduit shock_079 0.008331 0 0 0 0.00833305 0.125 0 0.0083333328 0 -0.0083333328 0 0 0 0
80 atmospheric_regulator shock_080 0.008331 0 0 0 0.00833305 0.125 0 0.0083333328 0 -0.0083333328 0 0 0 0
81 comm_port shock_081 0.008331 0 0 0 0.00833305 0.125 0 0.0083333328 0 -0.0083333328 0 0 0 0
82 quartz_light_fixture shock_082 0.008331 0 0 0 0.00833305 0.125 0 0.0083333328 0 -0.0083333328 0 0 0 0
83 quartz_light_fixture shock_083 0.008331 0 0 0 0.00833305 0.125 0 0.0083333328 0 -0.0083333328 0 0 0 0
84 industrial_tiles shock_084 0.008331 0 0 0 0.00833305 0.125 0 0.0083333328 0 -0.0083333328 0 0 0 0
85 industrial_tiles shock_085 0.008331 0 0 0 0.00833305 0.125 0 0.0083333328 0 -0.0083333328 0 0 0 0
86 industrial_tiles shock_086 0.008331 0 0 0 0.00833305 0.125 0 0.0083333328 0 -0.0083333328 0 0 0 0
87 industrial_tiles shock_087 0.008331 0 0 0 0.00833305 0.125 0 0.0083333328 0 -0.0083333328 0 0 0 0
88 industrial_tiles shock_088 0.008331 0 0 0 0.00833305 0.125 0 0.0083333328 0 -0.0083333328 0 0 0 0
89 industrial_tiles shock_089 0.008331 0 0 0 0.00833305 0.125 0 0.0083333328 0 -0.0083333328 0 0 0 0
90 chemical_storage shock_090 0.008331 0 0 0 0.00833305 0.125 0 0.0083333328 0 -0.0083333328 0 0 0 0
91 repair_station shock_091 0.008331 0 0 0 0.00833305 0.125 0 0.0083333328 0 -0.0083333328 0 0 0 0
92 chemical_dispensory shock_092 0.008331 0 0 0 0.00833305 0.125 0 0.0083333328 0 -0.0083333328 0 0 0 0
93 robot_diagnostic_system shock_093 0.008331 0 0 0 0.00833305 0.125 0 0.0083333328 0 -0.0083333328 0 0 0 0
94 repair_station shock_094 0.008331 0 0 0 0.00833305 0.125 0 0.0083333328 0 -0.0083333328 0 0 0 0
95 storage_area shock_095 0.008331 0 0 0 0.00833305 0.125 0 0.0083333328 0 -0.0083333328 0 0 0 0
96 chemical_dispensory shock_096 0.008331 0 0 0 0.00833305 0.125 0 0.0083333328 0 -0.0083333328 0 0 0 0
97 repair_station shock_097 0.008331 0 0 0 0.00833305 0.125 0 0.0083333328 0 -0.0083333328 0 0 0 0
98 duct shock_098 0.008331 0 0 0 0.00833305 0.125 0 0.0083333328 0 -0.0083333328 0 0 0 0
99 quartz_light_fixture shock_099 0.008331 0 0 0 0.00833305 0.125 0 0.0083333328 0 -0.0083333328 0 0 0 0
100 hi-grip_surface shock_100 0.008331 0 0 0 0.00833305 0.125 0 0.0083333328 0 -0.0083333328 0 0 0 0
101 energ-light shock_101 0.008331 0 0 0 0.00833305 0.125 0 0.0083333328 0 -0.0083333328 0 0 0 0
102 energ-light shock_102 0.008331 0 0 0 0.00833305 0.125 0 0.0083333328 0 -0.0083333328 0 0 0 0
103 energ-light shock_103 0.008331 0 0 0 0.00833305 0.125 0 0.0083333328 0 -0.0083333328 0 0 0 0
104 energ-light shock_104 0.008331 0 0 0 0.00833305 0.125 0 0.0083333328 0 -0.0083333328 0 0 0 0
105 no-scrape_storeroom_wall shock_105 0.008331 0 0 0 0.00833305 0.125 0 0.0083333328 0 -0.0083333328 0 0 0 0
106 no-scrape_storeroom_wall shock_106 0.008331 0 0 0 0.00833305 0.125 0 0.0083333328 0 -0.0083333328 0 0 0 0
107 no-scrape_storeroom_wall shock_107 0.008331 0 0 0 0.00833305 0.125 0 0.0083333328 0 -0.0083333328 0 0 0 0
108 no-scrape_storeroom_wall shock_108 0.008331 0 0 0 0.00833305 0.125 0 0.0083333328 0 -0.0083333328 0 0 0 0
109 no-scrape_storeroom_wall shock_109 0.008331 0 0 0 0.00833305 0.125 0 0.0083333328 0 -0.0083333328 0 0 0 0
110 no-scrape_storeroom_wall shock_110 0.008331 0 0 0 0.00833305 0.125 0 0.0083333328 0 -0.0083333328 0 0 0 0
111 non-dent_steel_panelling shock_111 0.008331 0 0 0 0.00833305 0.125 0 0.0083333328 0 -0.0083333328 0 0 0 0
112 non-dent_steel_panelling shock_112 0.008331 0 0 0 0.00833305 0.125 0 0.0083333328 0 -0.0083333328 0 0 0 0
113 non-dent_steel_panelling shock_113 0.008331 0 0 0 0.00833305 0.125 0 0.0083333328 0 -0.0083333328 0 0 0 0
114 environmental_regulator shock_114 0.008331 0 0 0 0.00833305 0.125 0 0.0083333328 0 -0.0083333328 0 0 0 0
115 structural_pillar shock_115 0.008331 0 0 0 0.00833305 0.125 0 0.0083333328 0 -0.0083333328 0 0 0 0
116 non-dent_steel_panelling shock_116 0.008331 0 0 0 0.00833305 0.125 0 0.0083333328 0 -0.0083333328 0 0 0 0
117 carpet shock_117 0.008331 0 0 0 0.00833305 0.125 0 0.0083333328 0 -0.0083333328 0 0 0 0
118 elevator_panelling shock_118 0.008331 0 0 0 0.00833305 0.125 0 0.0083333328 0 -0.0083333328 0 0 0 0
119 elevator_panelling shock_119 0.008331 0 0 0 0.00833305 0.125 0 0.0083333328 0 -0.0083333328 0 0 0 0
120 soft_panelling shock_120 0.008331 0 0 0 0.00833305 0.125 0 0.0083333328 0 -0.0083333328 0 0 0 0
121 burnt_panelling shock_121 0.008331 0 0 0 0.00833305 0.125 0 0.0083333328 0 -0.0083333328 0 0 0 0
122 tech-rack shock_122 0.008331 0 0 0 0.00833305 0.125 0 0.0083333328 0 -0.0083333328 0 0 0 0
123 tech-rack shock_123 0.008331 0 0 0 0.00833305 0.125 0 0.0083333328 0 -0.0083333328 0 0 0 0
124 corridor_wall shock_124 0.008331 0 0 0 0.00833305 0.125 0 0.0083333328 0 -0.0083333328 0 0 0 0
125 corridor_wall shock_125 0.008331 0 0 0 0.00833305 0.125 0 0.0083333328 0 -0.0083333328 0 0 0 0
126 corridor_wall shock_126 0.008331 0 0 0 0.00833305 0.125 0 0.0083333328 0 -0.0083333328 0 0 0 0
127 corridor_wall shock_127 0.008331 0 0 0 0.00833305 0.125 0 0.0083333328 0 -0.0083333328 0 0 0 0
128 corridor_wall shock_128 0.008331 0 0 0 0.00833305 0.125 0 0.0083333328 0 -0.0083333328 0 0 0 0
129 corridor_wall shock_129 0.008331 0 0 0 0.00833305 0.125 0 0.0083333328 0 -0.0083333328 0 0 0 0
130 automatic_teller_machine shock_130 0.008331 0 0 0 0.00833305 0.125 0 0.0083333328 0 -0.0083333328 0 0 0 0
131 duct shock_131 0.008331 0 0 0 0.00833305 0.125 0 0.0083333328 0 -0.0083333328 0 0 0 0
132 automatic_teller_machine shock_132 0.008331 0 0 0 0.00833305 0.125 0 0.0083333328 0 -0.0083333328 0 0 0 0
133 fold-up_bed shock_133 0.008331 0 0 0 0.00833305 0.125 0 0.0083333328 0 -0.0083333328 0 0 0 0
134 fold-up_bed shock_134 0.008331 0 0 0 0.00833305 0.125 0 0.0083333328 0 -0.0083333328 0 0 0 0
135 private_locker shock_135 0.008331 0 0 0 0.00833305 0.125 0 0.0083333328 0 -0.0083333328 0 0 0 0
136 kitchenette shock_136 0.008331 0 0 0 0.00833305 0.125 0 0.0083333328 0 -0.0083333328 0 0 0 0
137 kitchenette shock_137 0.008331 0 0 0 0.00833305 0.125 0 0.0083333328 0 -0.0083333328 0 0 0 0
138 video_screen shock_138 0.008331 0 0 0 0.00833305 0.125 0 0.0083333328 0 -0.0083333328 0 0 0 0
139 molybdenum_panelling shock_139 0.008331 0 0 0 0.00833305 0.125 0 0.0083333328 0 -0.0083333328 0 0 0 0
140 molybdenum_panelling shock_140 0.008331 0 0 0 0.00833305 0.125 0 0.0083333328 0 -0.0083333328 0 0 0 0
141 light_fixture shock_141 0.008331 0 0 0 0.00833305 0.125 0 0.0083333328 0 -0.0083333328 0 0 0 0
142 data_transfer_schematic shock_142 0.008331 0 0 0 0.00833305 0.125 0 0.0083333328 0 -0.0083333328 0 0 0 0
143 silver_panelling shock_143 0.008331 0 0 0 0.00833305 0.125 0 0.0083333328 0 -0.0083333328 0 0 0 0
144 light_fixture shock_144 0.008331 0 0 0 0.00833305 0.125 0 0.0083333328 0 -0.0083333328 0 0 0 0
145 silver_panelling shock_145 0.008331 0 0 0 0.00833305 0.125 0 0.0083333328 0 -0.0083333328 0 0 0 0
146 obsidian_slab shock_146 0.008331 0 0 0 0.00833305 0.125 0 0.0083333328 0 -0.0083333328 0 0 0 0
147 carpet shock_147 0.008331 0 0 0 0.00833305 0.125 0 0.0083333328 0 -0.0083333328 0 0 0 0
148 parquet_tiling shock_148 0.008331 0 0 0 0.00833305 0.125 0 0.0083333328 0 -0.0083333328 0 0 0 0
149 obsidian_slab shock_149 0.008331 0 0 0 0.00833305 0.125 0 0.0083333328 0 -0.0083333328 0 0 0 0
150 marble_slab shock_150 0.008331 0 0 0 0.00833305 0.125 0 0.0083333328 0 -0.0083333328 0 0 0 0
151 marble_slab shock_151 0.008331 0 0 0 0.00833305 0.125 0 0.0083333328 0 -0.0083333328 0 0 0 0
152 trioptimum_logo shock_152 0.008331 0 0 0 0.00833305 0.125 0 0.0083333328 0 -0.0083333328 0 0 0 0
153 trioptimum_logo shock_153 0.008331 0 0 0 0.00833305 0.125 0 0.0083333328 0 -0.0083333328 0 0 0 0
154 hi-grip_surface shock_154 0.008331 0 0 0 0.00833305 0.125 0 0.0083333328 0 -0.0083333328 0 0 0 0
155 halogen_light_fixture shock_155 0.008331 0 0 0 0.00833305 0.125 0 0.0083333328 0 -0.0083333328 0 0 0 0
156 hi-grip_surface shock_156 0.008331 0 0 0 0.00833305 0.125 0 0.0083333328 0 -0.0083333328 0 0 0 0
157 damaged_light_fixture shock_157 0.008331 0 0 0 0.00833305 0.125 0 0.0083333328 0 -0.0083333328 0 0 0 0
158 environmental_regulator shock_158 0.008331 0 0 0 0.00833305 0.125 0 0.0083333328 0 -0.0083333328 0 0 0 0
159 fluid_transport_pipes shock_159 0.008331 0 0 0 0.00833305 0.125 0 0.0083333328 0 -0.0083333328 0 0 0 0
160 engineering_panelling shock_160 0.008331 0 0 0 0.00833305 0.125 0 0.0083333328 0 -0.0083333328 0 0 0 0
161 fluid_transport_pipes shock_161 0.008331 0 0 0 0.00833305 0.125 0 0.0083333328 0 -0.0083333328 0 0 0 0
162 system_function_gauges shock_162 0.008331 0 0 0 0.00833305 0.125 0 0.0083333328 0 -0.0083333328 0 0 0 0
163 engineering_instruments shock_163 0.008331 0 0 0 0.00833305 0.125 0 0.0083333328 0 -0.0083333328 0 0 0 0
164 electric_cable_access shock_164 0.008331 0 0 0 0.00833305 0.125 0 0.0083333328 0 -0.0083333328 0 0 0 0
165 data_circuit_access_port shock_165 0.008331 0 0 0 0.00833305 0.125 0 0.0083333328 0 -0.0083333328 0 0 0 0
166 observation_station shock_166 0.008331 0 0 0 0.00833305 0.125 0 0.0083333328 0 -0.0083333328 0 0 0 0
167 engineering_panelling shock_167 0.008331 0 0 0 0.00833305 0.125 0 0.0083333328 0 -0.0083333328 0 0 0 0
168 atmospheric_regulator shock_168 0.008331 0 0 0 0.00833305 0.125 0 0.0083333328 0 -0.0083333328 0 0 0 0
169 fluid_transport_pipes shock_169 0.008331 0 0 0 0.00833305 0.125 0 0.0083333328 0 -0.0083333328 0 0 0 0
170 instruments shock_170 0.008331 0 0 0 0.00833305 0.125 0 0.0083333328 0 -0.0083333328 0 0 0 0
171 instruments shock_171 0.008331 0 0 0 0.00833305 0.125 0 0.0083333328 0 -0.0083333328 0 0 0 0
172 ladder shock_172 0.008331 0 0 0 0.00833305 0.125 0 0.0083333328 0 -0.0083333328 0 0 0 0
173 data_access_port shock_173 0.008331 0 0 0 0.00833305 0.125 0 0.0083333328 0 -0.0083333328 0 0 0 0
174 instruments shock_174 0.008331 0 0 0 0.00833305 0.125 0 0.0083333328 0 -0.0083333328 0 0 0 0
175 panelling shock_175 0.008331 0 0 0 0.00833305 0.125 0 0.0083333328 0 -0.0083333328 0 0 0 0
176 stone_mosaic_tiling shock_176 0.008331 0 0 0 0.00833305 0.125 0 0.0083333328 0 -0.0083333328 0 0 0 0
177 observation_ceiling shock_177 0.008331 0 0 0 0.00833305 0.125 0 0.0083333328 0 -0.0083333328 0 0 0 0
178 SHODAN_neural_bud shock_178 0.008331 0 0 0 0.00833305 0.125 0 0.0083333328 0 -0.0083333328 0 0 0 0
179 biological_infestation shock_179 0.008331 0 0 0 0.00833305 0.125 0 0.0083333328 0 -0.0083333328 0 0 0 0
180 burnished_platinum_panelling shock_180 0.008331 0 0 0 0.00833305 0.125 0 0.0083333328 0 -0.0083333328 0 0 0 0
181 cyber_station shock_181 0.008331 0 0 0 0.00833305 0.125 0 0.0083333328 0 -0.0083333328 0 0 0 0
182 overgrowth shock_182 0.008331 0 0 0 0.00833305 0.125 0 0.0083333328 0 -0.0083333328 0 0 0 0
183 burnished_platinum_panelling shock_183 0.008331 0 0 0 0.00833305 0.125 0 0.0083333328 0 -0.0083333328 0 0 0 0
184 video_observation_screen shock_184 0.008331 0 0 0 0.00833305 0.125 0 0.0083333328 0 -0.0083333328 0 0 0 0
185 flood_light shock_185 0.008331 0 0 0 0.00833305 0.125 0 0.0083333328 0 -0.0083333328 0 0 0 0
186 monitoring_post shock_186 0.008331 0 0 0 0.00833305 0.125 0 0.0083333328 0 -0.0083333328 0 0 0 0
187 monitoring_post shock_187 0.008331 0 0 0 0.00833305 0.125 0 0.0083333328 0 -0.0083333328 0 0 0 0
188 incandescent_light shock_188 0.008331 0 0 0 0.00833305 0.125 0 0.0083333328 0 -0.0083333328 0 0 0 0
189 grating shock_189 0.008331 0 0 0 0.00833305 0.125 0 0.0083333328 0 -0.0083333328 0 0 0 0
190 access_station shock_190 0.008331 0 0 0 0.00833305 0.125 0 0.0083333328 0 -0.0083333328 0 0 0 0
191 access_station shock_191 0.008331 0 0 0 0.00833305 0.125 0 0.0083333328 0 -0.0083333328 0 0 0 0
192 fluid_transport_pipes shock_192 0.008331 0 0 0 0.00833305 0.125 0 0.0083333328 0 -0.0083333328 0 0 0 0
193 access_station shock_193 0.008331 0 0 0 0.00833305 0.125 0 0.0083333328 0 -0.0083333328 0 0 0 0
194 fluid_transport_pipes shock_194 0.008331 0 0 0 0.00833305 0.125 0 0.0083333328 0 -0.0083333328 0 0 0 0
195 power_conduits shock_195 0.008331 0 0 0 0.00833305 0.125 0 0.0083333328 0 -0.0083333328 0 0 0 0
196 ladder shock_196 0.008331 0 0 0 0.00833305 0.125 0 0.0083333328 0 -0.0083333328 0 0 0 0
197 access_station shock_197 0.008331 0 0 0 0.00833305 0.125 0 0.0083333328 0 -0.0083333328 0 0 0 0
198 access_station shock_198 0.008331 0 0 0 0.00833305 0.125 0 0.0083333328 0 -0.0083333328 0 0 0 0
199 fluid_transport_pipes shock_199 0.008331 0 0 0 0.00833305 0.125 0 0.0083333328 0 -0.0083333328 0 0 0 0
200 access_station shock_200 0.008331 0 0 0 0.00833305 0.125 0 0.0083333328 0 -0.0083333328 0 0 0 0
201 fluid_transport_pipes shock_201 0.008331 0 0 0 0.00833305 0.125 0 0.0083333328 0 -0.0083333328 0 0 0 0
202 grass shock_202 0.008331 0 0 0 0.00833305 0.125 0 0.0083333328 0 -0.0083333328 0 0 0 0
203 grass shock_203 0.008331 0 0 0 0.00833305 0.125 0 0.0083333328 0 -0.0083333328 0 0 0 0
204 wet_grass shock_204 0.008331 0 0 0 0.00833305 0.125 0 0.0083333328 0 -0.0083333328 0 0 0 0
205 space shock_205 0.008331 0 0 0 0.00833305 0.125 0 0.0083333328 0 -0.0083333328 0 0 0 0
206 environment_pod_wall shock_206 0.008331 0 0 0 0.00833305 0.125 0 0.0083333328 0 -0.0083333328 0 0 0 0
207 overgrowth shock_207 0.008331 0 0 0 0.00833305 0.125 0 0.0083333328 0 -0.0083333328 0 0 0 0
208 environment_pod_wall shock_208 0.008331 0 0 0 0.00833305 0.125 0 0.0083333328 0 -0.0083333328 0 0 0 0
209 overgrown_panel shock_209 0.008331 0 0 0 0.00833305 0.125 0 0.0083333328 0 -0.0083333328 0 0 0 0
210 environment_regulator shock_210 0.008331 0 0 0 0.00833305 0.125 0 0.0083333328 0 -0.0083333328 0 0 0 0
211 overgrowth shock_211 0.008331 0 0 0 0.00833305 0.125 0 0.0083333328 0 -0.0083333328 0 0 0 0
212 sprinkler_system shock_212 0.008331 0 0 0 0.00833305 0.125 0 0.0083333328 0 -0.0083333328 0 0 0 0
213 overgrowth shock_213 0.008331 0 0 0 0.00833305 0.125 0 0.0083333328 0 -0.0083333328 0 0 0 0
214 lecture_screen shock_214 0.008331 0 0 0 0.00833305 0.125 0 0.0083333328 0 -0.0083333328 0 0 0 0
215 fluorescent_light shock_215 0.008331 0 0 0 0.00833305 0.125 0 0.0083333328 0 -0.0083333328 0 0 0 0
216 fluorescent_light shock_216 0.008331 0 0 0 0.00833305 0.125 0 0.0083333328 0 -0.0083333328 0 0 0 0
217 high-power_light shock_217 0.008331 0 0 0 0.00833305 0.125 0 0.0083333328 0 -0.0083333328 0 0 0 0
218 high-power_light shock_218 0.008331 0 0 0 0.00833305 0.125 0 0.0083333328 0 -0.0083333328 0 0 0 0
219 tile_panelling shock_219 0.008331 0 0 0 0.00833305 0.125 0 0.0083333328 0 -0.0083333328 0 0 0 0
220 tile_panelling shock_220 0.008331 0 0 0 0.00833305 0.125 0 0.0083333328 0 -0.0083333328 0 0 0 0
221 sof-impac_panelling shock_221 0.008331 0 0 0 0.00833305 0.125 0 0.0083333328 0 -0.0083333328 0 0 0 0
222 comm_port shock_222 0.008331 0 0 0 0.00833305 0.125 0 0.0083333328 0 -0.0083333328 0 0 0 0
223 comm_port shock_223 0.008331 0 0 0 0.00833305 0.125 0 0.0083333328 0 -0.0083333328 0 0 0 0
224 environmental_regulator shock_224 0.008331 0 0 0 0.00833305 0.125 0 0.0083333328 0 -0.0083333328 0 0 0 0
225 environmental_regulator shock_225 0.008331 0 0 0 0.00833305 0.125 0 0.0083333328 0 -0.0083333328 0 0 0 0
226 soft_panelling shock_226 0.008331 0 0 0 0.00833305 0.125 0 0.0083333328 0 -0.0083333328 0 0 0 0
227 soft_panelling shock_227 0.008331 0 0 0 0.00833305 0.125 0 0.0083333328 0 -0.0083333328 0 0 0 0
228 modular_panelling shock_228 0.008331 0 0 0 0.00833305 0.125 0 0.0083333328 0 -0.0083333328 0 0 0 0
229 biological_infestation shock_229 0.008331 0 0 0 0.00833305 0.125 0 0.0083333328 0 -0.0083333328 0 0 0 0
230 biological_infestation shock_230 0.008331 0 0 0 0.00833305 0.125 0 0.0083333328 0 -0.0083333328 0 0 0 0
231 biological_infestation shock_231 0.008331 0 0 0 0.00833305 0.125 0 0.0083333328 0 -0.0083333328 0 0 0 0
232 biological_infestation shock_232 0.008331 0 0 0 0.00833305 0.125 0 0.0083333328 0 -0.0083333328 0 0 0 0
233 power_exchanger shock_233 0.008331 0 0 0 0.00833305 0.125 0 0.0083333328 0 -0.0083333328 0 0 0 0
234 power_exchanger shock_234 0.008331 0 0 0 0.00833305 0.125 0 0.0083333328 0 -0.0083333328 0 0 0 0
235 power_exchanger shock_235 0.008331 0 0 0 0.00833305 0.125 0 0.0083333328 0 -0.0083333328 0 0 0 0
236 power_exchanger shock_236 0.008331 0 0 0 0.00833305 0.125 0 0.0083333328 0 -0.0083333328 0 0 0 0
237 field_generation_rotor shock_237 0.008331 0 0 0 0.00833305 0.125 0 0.0083333328 0 -0.0083333328 0 0 0 0
238 field_generation_rotor shock_238 0.008331 0 0 0 0.00833305 0.125 0 0.0083333328 0 -0.0083333328 0 0 0 0
239 field_generation_rotor shock_239 0.008331 0 0 0 0.00833305 0.125 0 0.0083333328 0 -0.0083333328 0 0 0 0
240 field_generation_rotor shock_240 0.008331 0 0 0 0.00833305 0.125 0 0.0083333328 0 -0.0083333328 0 0 0 0
241 biological_infestation shock_241 0.008331 0 0 0 0.00833305 0.125 0 0.0083333328 0 -0.0083333328 0 0 0 0
242 biological_infestation shock_242 0.008331 0 0 0 0.00833305 0.125 0 0.0083333328 0 -0.0083333328 0 0 0 0
243 biological_infestation shock_243 0.008331 0 0 0 0.00833305 0.125 0 0.0083333328 0 -0.0083333328 0 0 0 0
244 biological_infestation shock_244 0.008331 0 0 0 0.00833305 0.125 0 0.0083333328 0 -0.0083333328 0 0 0 0
245 virus_infestation shock_245 0.008331 0 0 0 0.00833305 0.125 0 0.0083333328 0 -0.0083333328 0 0 0 0
246 virus_infestation shock_246 0.008331 0 0 0 0.00833305 0.125 0 0.0083333328 0 -0.0083333328 0 0 0 0
247 virus_infestation shock_247 0.008331 0 0 0 0.00833305 0.125 0 0.0083333328 0 -0.0083333328 0 0 0 0
248 virus_infestation shock_248 0.008331 0 0 0 0.00833305 0.125 0 0.0083333328 0 -0.0083333328 0 0 0 0
249 virus_infestation shock_249 0.008331 0 0 0 0.00833305 0.125 0 0.0083333328 0 -0.0083333328 0 0 0 0
250 virus_infestation shock_250 0.008331 0 0 0 0.00833305 0.125 0 0.0083333328 0 -0.0083333328 0 0 0 0
251 grip_surface shock_251 0.008331 0 0 0 0.00833305 0.125 0 0.0083333328 0 -0.0083333328 0 0 0 0
252 repulsor_lift shock_252 0.008331 0 0 0 0.00833305 0.125 0 0.0083333328 0 -0.0083333328 0 0 0 0
253 repulsor_lift shock_253 0.008331 0 0 0 0.00833305 0.125 0 0.0083333328 0 -0.0083333328 0 0 0 0
254 grip_surface shock_254 0.008331 0 0 0 0.00833305 0.125 0 0.0083333328 0 -0.0083333328 0 0 0 0
255 grip_surface shock_255 0.008331 0 0 0 0.00833305 0.125 0 0.0083333328 0 -0.0083333328 0 0 0 0
256 grip_surface shock_256 0.008331 0 0 0 0.00833305 0.125 0 0.0083333328 0 -0.0083333328 0 0 0 0
257 grip_surface shock_257 0.008331 0 0 0 0.00833305 0.125 0 0.0083333328 0 -0.0083333328 0 0 0 0
258 computer shock_258 0.008331 0 0 0 0.00833305 0.125 0 0.0083333328 0 -0.0083333328 0 0 0 0
259 titanium_panelling shock_259 0.008331 0 0 0 0.00833305 0.125 0 0.0083333328 0 -0.0083333328 0 0 0 0
260 thick_rug shock_260 0.008331 0 0 0 0.00833305 0.125 0 0.0083333328 0 -0.0083333328 0 0 0 0
261 oak_panelling shock_261 0.008331 0 0 0 0.00833305 0.125 0 0.0083333328 0 -0.0083333328 0 0 0 0
262 rich_marble shock_262 0.008331 0 0 0 0.00833305 0.125 0 0.0083333328 0 -0.0083333328 0 0 0 0
263 rich_marble shock_263 0.008331 0 0 0 0.00833305 0.125 0 0.0083333328 0 -0.0083333328 0 0 0 0
264 rich_marble shock_264 0.008331 0 0 0 0.00833305 0.125 0 0.0083333328 0 -0.0083333328 0 0 0 0
265 rich_marble shock_265 0.008331 0 0 0 0.00833305 0.125 0 0.0083333328 0 -0.0083333328 0 0 0 0
266 display_screen shock_266 0.008331 0 0 0 0.00833305 0.125 0 0.0083333328 0 -0.0083333328 0 0 0 0
267 cracked_radiation_tile shock_267 0.008331 0 0 0 0.00833305 0.125 0 0.0083333328 0 -0.0083333328 0 0 0 0
268 cracked_radiation_tile shock_268 0.008331 0 0 0 0.00833305 0.125 0 0.0083333328 0 -0.0083333328 0 0 0 0
269 jump_disk shock_269 0.008331 0 0 0 0.00833305 0.125 0 0.0083333328 0 -0.0083333328 0 0 0 0
270 restoration_bay shock_270 0.008331 0 0 0 0.00833305 0.125 0 0.0083333328 0 -0.0083333328 0 0 0 0
271 biological_infestation shock_271 0.008331 0 0 0 0.00833305 0.125 0 0.0083333328 0 -0.0083333328 0 0 0 0
272 biological_infestation shock_272 0.008331 0 0 0 0.00833305 0.125 0 0.0083333328 0 -0.0083333328 0 0 0 0
273 debug shock_010 0.008331 0 0 0 0.00833305 0.125 0 0.0083333328 0 -0.0083333328 0 0 0 0
274 citmat_0475_0000 citmat_0475_0000 0.008331 0 0 0 0.00833305 0.125 0 0.0083333328 0 -0.0083333328 0 0 0 0
275 citmat_0476_0000 citmat_0476_0000 0.008331 0 0 0 0.00833305 0.125 0 0.0083333328 0 -0.0083333328 0 0 0 0
276 citmat_0477_0000 citmat_0477_0000 0.008331 0 0 0 0.00833305 0.125 0 0.0083333328 0 -0.0083333328 0 0 0 0
277 citmat_0478_0000 citmat_0478_0000 0.008331 0 0 0 0.00833305 0.125 0 0.0083333328 0 -0.0083333328 0 0 0 0
278 citmat_0479_0000 citmat_0479_0000 0.008331 0 0 0 0.00833305 0.125 0 0.0083333328 0 -0.0083333328 0 0 0 0
279 citmat_0480_0000 citmat_0480_0000 0.008331 0 0 0 0.00833305 0.125 0 0.0083333328 0 -0.0083333328 0 0 0 0
280 citmat_0481_0000 citmat_0481_0000 0.008331 0 0 0 0.00833305 0.125 0 0.0083333328 0 -0.0083333328 0 0 0 0
281 citmat_0482_0000 citmat_0482_0000 0.008331 0 0 0 0.00833305 0.125 0 0.0083333328 0 -0.0083333328 0 0 0 0
282 citmat_0483_0000 citmat_0483_0000 0.008331 0 0 0 0.00833305 0.125 0 0.0083333328 0 -0.0083333328 0 0 0 0
283 citmat_0484_0000 citmat_0484_0000 0.008331 0 0 0 0.00833305 0.125 0 0.0083333328 0 -0.0083333328 0 0 0 0
284 citmat_0485_0000 citmat_0485_0000 0.008331 0 0 0 0.00833305 0.125 0 0.0083333328 0 -0.0083333328 0 0 0 0
285 citmat_0486_0000 citmat_0486_0000 0.008331 0 0 0 0.00833305 0.125 0 0.0083333328 0 -0.0083333328 0 0 0 0
286 citmat_0487_0000 citmat_0487_0000 0.008331 0 0 0 0.00833305 0.125 0 0.0083333328 0 -0.0083333328 0 0 0 0
287 citmat_0488_0000 citmat_0488_0000 0.008331 0 0 0 0.00833305 0.125 0 0.0083333328 0 -0.0083333328 0 0 0 0
288 citmat_0489_0000 citmat_0489_0000 0.008331 0 0 0 0.00833305 0.125 0 0.0083333328 0 -0.0083333328 0 0 0 0
289 citmat_0490_0000 citmat_0490_0000 0.008331 0 0 0 0.00833305 0.125 0 0.0083333328 0 -0.0083333328 0 0 0 0
290 citmat_0491_0000 citmat_0491_0000 0.008331 0 0 0 0.00833305 0.125 0 0.0083333328 0 -0.0083333328 0 0 0 0
291 citmat_0492_0000 citmat_0492_0000 0.008331 0 0 0 0.00833305 0.125 0 0.0083333328 0 -0.0083333328 0 0 0 0
292 citmat_0493_0000 citmat_0493_0000 0.008331 0 0 0 0.00833305 0.125 0 0.0083333328 0 -0.0083333328 0 0 0 0
293 citmat_0494_0000 citmat_0494_0000 0.008331 0 0 0 0.00833305 0.125 0 0.0083333328 0 -0.0083333328 0 0 0 0
294 citmat_0495_0000 citmat_0495_0000 0.008331 0 0 0 0.00833305 0.125 0 0.0083333328 0 -0.0083333328 0 0 0 0
295 citmat_0496_0000 citmat_0496_0000 0.008331 0 0 0 0.00833305 0.125 0 0.0083333328 0 -0.0083333328 0 0 0 0
296 citmat_0497_0000 citmat_0497_0000 0.008331 0 0 0 0.00833305 0.125 0 0.0083333328 0 -0.0083333328 0 0 0 0
297 citmat_0498_0000 citmat_0498_0000 0.008331 0 0 0 0.00833305 0.125 0 0.0083333328 0 -0.0083333328 0 0 0 0
298 citmat_0499_0000 citmat_0499_0000 0.008331 0 0 0 0.00833305 0.125 0 0.0083333328 0 -0.0083333328 0 0 0 0
299 citmat_0500_0000 citmat_0500_0000 0.008331 0 0 0 0.00833305 0.125 0 0.0083333328 0 -0.0083333328 0 0 0 0
300 citmat_0501_0000 citmat_0501_0000 0.008331 0 0 0 0.00833305 0.125 0 0.0083333328 0 -0.0083333328 0 0 0 0
301 citmat_0502_0000 citmat_0502_0000 0.008331 0 0 0 0.00833305 0.125 0 0.0083333328 0 -0.0083333328 0 0 0 0
302 citmat_0503_0000 citmat_0503_0000 0.008331 0 0 0 0.00833305 0.125 0 0.0083333328 0 -0.0083333328 0 0 0 0
303 citmat_0504_0000 citmat_0504_0000 0.008331 0 0 0 0.00833305 0.125 0 0.0083333328 0 -0.0083333328 0 0 0 0
304 citmat_0505_0000 citmat_0505_0000 0.008331 0 0 0 0.00833305 0.125 0 0.0083333328 0 -0.0083333328 0 0 0 0
305 citmat_0506_0000 citmat_0506_0000 0.008331 0 0 0 0.00833305 0.125 0 0.0083333328 0 -0.0083333328 0 0 0 0
306 citmat_0507_0000 citmat_0507_0000 0.008331 0 0 0 0.00833305 0.125 0 0.0083333328 0 -0.0083333328 0 0 0 0
307 citmat_0508_0000 citmat_0508_0000 0.008331 0 0 0 0.00833305 0.125 0 0.0083333328 0 -0.0083333328 0 0 0 0
308 citmat_0509_0000 citmat_0509_0000 0.008331 0 0 0 0.00833305 0.125 0 0.0083333328 0 -0.0083333328 0 0 0 0
309 citmat_0510_0000 citmat_0510_0000 0.008331 0 0 0 0.00833305 0.125 0 0.0083333328 0 -0.0083333328 0 0 0 0
310 citmat_0511_0000 citmat_0511_0000 0.008331 0 0 0 0.00833305 0.125 0 0.0083333328 0 -0.0083333328 0 0 0 0
311 citmat_0512_0000 citmat_0512_0000 0.008331 0 0 0 0.00833305 0.125 0 0.0083333328 0 -0.0083333328 0 0 0 0
312 citmat_0513_0000 citmat_0513_0000 0.008331 0 0 0 0.00833305 0.125 0 0.0083333328 0 -0.0083333328 0 0 0 0
313 citmat_0514_0000 citmat_0514_0000 0.008331 0 0 0 0.00833305 0.125 0 0.0083333328 0 -0.0083333328 0 0 0 0
314 citmat_0515_0000 citmat_0515_0000 0.008331 0 0 0 0.00833305 0.125 0 0.0083333328 0 -0.0083333328 0 0 0 0
315 citmat_0516_0000 citmat_0516_0000 0.008331 0 0 0 0.00833305 0.125 0 0.0083333328 0 -0.0083333328 0 0 0 0
316 citmat_0517_0000 citmat_0517_0000 0.008331 0 0 0 0.00833305 0.125 0 0.0083333328 0 -0.0083333328 0 0 0 0
317 citmat_0518_0000 citmat_0518_0000 0.008331 0 0 0 0.00833305 0.125 0 0.0083333328 0 -0.0083333328 0 0 0 0
318 citmat_0519_0000 citmat_0519_0000 0.008331 0 0 0 0.00833305 0.125 0 0.0083333328 0 -0.0083333328 0 0 0 0
319 citmat_0520_0000 citmat_0520_0000 0.008331 0 0 0 0.00833305 0.125 0 0.0083333328 0 -0.0083333328 0 0 0 0
320 citmat_0521_0000 citmat_0521_0000 0.008331 0 0 0 0.00833305 0.125 0 0.0083333328 0 -0.0083333328 0 0 0 0
321 citmat_0522_0000 citmat_0522_0000 0.008331 0 0 0 0.00833305 0.125 0 0.0083333328 0 -0.0083333328 0 0 0 0
322 citmat_0523_0000 citmat_0523_0000 0.008331 0 0 0 0.00833305 0.125 0 0.0083333328 0 -0.0083333328 0 0 0 0
323 citmat_0524_0000 citmat_0524_0000 0.008331 0 0 0 0.00833305 0.125 0 0.0083333328 0 -0.0083333328 0 0 0 0
324 citmat_0525_0000 citmat_0525_0000 0.008331 0 0 0 0.00833305 0.125 0 0.0083333328 0 -0.0083333328 0 0 0 0
325 citmat_2180_0000 citmat_2180_0000 0.008331 0 0 0 0.00833305 0.125 0 0.0083333328 0 -0.0083333328 0 0 0 0
326 citmat_2181_0000 citmat_2181_0000 0.008331 0 0 0 0.00833305 0.125 0 0.0083333328 0 -0.0083333328 0 0 0 0
327 citmat_2182_0000 citmat_2182_0000 0.008331 0 0 0 0.00833305 0.125 0 0.0083333328 0 -0.0083333328 0 0 0 0
328 citmat_2183_0000 citmat_2183_0000 0.008331 0 0 0 0.00833305 0.125 0 0.0083333328 0 -0.0083333328 0 0 0 0
329 citmat_2184_0000 citmat_2184_0000 0.008331 0 0 0 0.00833305 0.125 0 0.0083333328 0 -0.0083333328 0 0 0 0
330 citmat_2185_0000 citmat_2185_0000 0.008331 0 0 0 0.00833305 0.125 0 0.0083333328 0 -0.0083333328 0 0 0 0
331 citmat_2186_0000 citmat_2186_0000 0.008331 0 0 0 0.00833305 0.125 0 0.0083333328 0 -0.0083333328 0 0 0 0
332 citmat_2187_0000 citmat_2187_0000 0.008331 0 0 0 0.00833305 0.125 0 0.0083333328 0 -0.0083333328 0 0 0 0
333 citmat_2188_0000 citmat_2188_0000 0.008331 0 0 0 0.00833305 0.125 0 0.0083333328 0 -0.0083333328 0 0 0 0
334 citmat_2189_0000 citmat_2189_0000 0.008331 0 0 0 0.00833305 0.125 0 0.0083333328 0 -0.0083333328 0 0 0 0
335 citmat_2190_0000 citmat_2190_0000 0.008331 0 0 0 0.00833305 0.125 0 0.0083333328 0 -0.0083333328 0 0 0 0
336 citmat_2191_0000 citmat_2191_0000 0.008331 0 0 0 0.00833305 0.125 0 0.0083333328 0 -0.0083333328 0 0 0 0
337 citmat_2192_0000 citmat_2192_0000 0.008331 0 0 0 0.00833305 0.125 0 0.0083333328 0 -0.0083333328 0 0 0 0
338 citmat_2193_0000 citmat_2193_0000 0.008331 0 0 0 0.00833305 0.125 0 0.0083333328 0 -0.0083333328 0 0 0 0
339 citmat_2194_0000 citmat_2194_0000 0.008331 0 0 0 0.00833305 0.125 0 0.0083333328 0 -0.0083333328 0 0 0 0