0 a_stone_wall textures/uw1/uw1_000 0.008331 0 0 0 0.00833305 0 0 0.0083333328 0 -0.0083333328 0 0 0 0
1 a_mossy_stone_wall textures/uw1/uw1_001 0.008331 0 0 0 0.00833305 0 0 0.0083333328 0 -0.0083333328 0 0 0 0
2 a_cracked_stone_wall textures/uw1/uw1_002 0.008331 0 0 0 0.00833305 0 0 0.0083333328 0 -0.0083333328 0 0 0 0
3 a_drain textures/uw1/uw1_003 0.008331 0 0 0 0.00833305 0 0 0.0083333328 0 -0.0083333328 0 0 0 0
4 a_vine-covered_stone_wall textures/uw1/uw1_004 0.008331 0 0 0 0.00833305 0 0 0.0083333328 0 -0.0083333328 0 0 0 0
5 a_tapestry textures/uw1/uw1_005 0.008331 0 0 0 0.00833305 0 0 0.0083333328 0 -0.0083333328 0 0 0 0
6 the_Banner_of_Cabirus textures/uw1/uw1_006 0.008331 0 0 0 0.00833305 0 0 0.0083333328 0 -0.0083333328 0 0 0 0
7 a_stone_wall textures/uw1/uw1_007 0.008331 0 0 0 0.00833305 0 0 0.0083333328 0 -0.0083333328 0 0 0 0
8 a_stone_wall textures/uw1/uw1_008 0.008331 0 0 0 0.00833305 0 0 0.0083333328 0 -0.0083333328 0 0 0 0
9 the_Standard_of_the_Mountainfolk textures/uw1/uw1_009 0.008331 0 0 0 0.00833305 0 0 0.0083333328 0 -0.0083333328 0 0 0 0
10 the_Standard_of_the_Knights textures/uw1/uw1_010 0.008331 0 0 0 0.00833305 0 0 0.0083333328 0 -0.0083333328 0 0 0 0
11 a_grating textures/uw1/uw1_011 0.008331 0 0 0 0.00833305 0 0 0.0083333328 0 -0.0083333328 0 0 0 0
12 an_irregular_stone_wall textures/uw1/uw1_012 0.008331 0 0 0 0.00833305 0 0 0.0083333328 0 -0.0083333328 0 0 0 0
13 an_irregular_stone_wall textures/uw1/uw1_013 0.008331 0 0 0 0.00833305 0 0 0.0083333328 0 -0.0083333328 0 0 0 0
14 an_irregular_stone_wall textures/uw1/uw1_014 0.008331 0 0 0 0.00833305 0 0 0.0083333328 0 -0.0083333328 0 0 0 0
15 an_irregular_stone_wall textures/uw1/uw1_015 0.008331 0 0 0 0.00833305 0 0 0.0083333328 0 -0.0083333328 0 0 0 0
16 an_irregular_stone_wall textures/uw1/uw1_016 0.008331 0 0 0 0.00833305 0 0 0.0083333328 0 -0.0083333328 0 0 0 0
17 a_mossy_irregular_stone_wall textures/uw1/uw1_017 0.008331 0 0 0 0.00833305 0 0 0.0083333328 0 -0.0083333328 0 0 0 0
18 the_Standard_of_the_Silver_Serpent textures/uw1/uw1_018 0.008331 0 0 0 0.00833305 0 0 0.0083333328 0 -0.0083333328 0 0 0 0
19 a_cracked_irregular_stone_wall textures/uw1/uw1_019 0.008331 0 0 0 0.00833305 0 0 0.0083333328 0 -0.0083333328 0 0 0 0
20 a_drain textures/uw1/uw1_020 0.008331 0 0 0 0.00833305 0 0 0.0083333328 0 -0.0083333328 0 0 0 0
21 a_vine-covered_irregular_stone_wall textures/uw1/uw1_021 0.008331 0 0 0 0.00833305 0 0 0.0083333328 0 -0.0083333328 0 0 0 0
22 a_tapestry textures/uw1/uw1_022 0.008331 0 0 0 0.00833305 0 0 0.0083333328 0 -0.0083333328 0 0 0 0
23 a_grating textures/uw1/uw1_023 0.008331 0 0 0 0.00833305 0 0 0.0083333328 0 -0.0083333328 0 0 0 0
24 an_irregular_stone_wall textures/uw1/uw1_024 0.008331 0 0 0 0.00833305 0 0 0.0083333328 0 -0.0083333328 0 0 0 0
25 an_irregular_stone_wall textures/uw1/uw1_025 0.008331 0 0 0 0.00833305 0 0 0.0083333328 0 -0.0083333328 0 0 0 0
26 an_irregular_stone_wall textures/uw1/uw1_026 0.008331 0 0 0 0.00833305 0 0 0.0083333328 0 -0.0083333328 0 0 0 0
27 an_irregular_stone_wall textures/uw1/uw1_027 0.008331 0 0 0 0.00833305 0 0 0.0083333328 0 -0.0083333328 0 0 0 0
28 an_irregular_stone_wall textures/uw1/uw1_028 0.008331 0 0 0 0.00833305 0 0 0.0083333328 0 -0.0083333328 0 0 0 0
29 an_irregular_stone_wall textures/uw1/uw1_029 0.008331 0 0 0 0.00833305 0 0 0.0083333328 0 -0.0083333328 0 0 0 0
30 a_natural_stone_wall textures/uw1/uw1_030 0.008331 0 0 0 0.00833305 0 0 0.0083333328 0 -0.0083333328 0 0 0 0
31 a_natural_stone_wall textures/uw1/uw1_031 0.008331 0 0 0 0.00833305 0 0 0.0083333328 0 -0.0083333328 0 0 0 0
32 a_mossy_natural_stone_wall textures/uw1/uw1_032 0.008331 0 0 0 0.00833305 0 0 0.0083333328 0 -0.0083333328 0 0 0 0
33 a_mossy_natural_stone_wall textures/uw1/uw1_033 0.008331 0 0 0 0.00833305 0 0 0.0083333328 0 -0.0083333328 0 0 0 0
34 a_waterfall textures/uw1/uw1_034 0.008331 0 0 0 0.00833305 0 0 0.0083333328 0 -0.0083333328 0 0 0 0
35 a_grating textures/uw1/uw1_035 0.008331 0 0 0 0.00833305 0 0 0.0083333328 0 -0.0083333328 0 0 0 0
36 a_natural_stone_wall textures/uw1/uw1_036 0.008331 0 0 0 0.00833305 0 0 0.0083333328 0 -0.0083333328 0 0 0 0
37 a_natural_stone_wall textures/uw1/uw1_037 0.008331 0 0 0 0.00833305 0 0 0.0083333328 0 -0.0083333328 0 0 0 0
38 the_locked_doors_of_the_Abyss textures/uw1/uw1_038 0.008331 0 0 0 0.00833305 0 0 0.0083333328 0 -0.0083333328 0 0 0 0
39 the_locked_doors_of_the_Abyss textures/uw1/uw1_039 0.008331 0 0 0 0.00833305 0 0 0.0083333328 0 -0.0083333328 0 0 0 0
40 a_drain textures/uw1/uw1_040 0.008331 0 0 0 0.00833305 0 0 0.0083333328 0 -0.0083333328 0 0 0 0
41 a_tapestry textures/uw1/uw1_041 0.008331 0 0 0 0.00833305 0 0 0.0083333328 0 -0.0083333328 0 0 0 0
42 a_vine-covered_natural_stone_wall textures/uw1/uw1_042 0.008331 0 0 0 0.00833305 0 0 0.0083333328 0 -0.0083333328 0 0 0 0
43 a_massive_stone_door textures/uw1/uw1_043 0.008331 0 0 0 0.00833305 0 0 0.0083333328 0 -0.0083333328 0 0 0 0
44 a_massive_stone_door textures/uw1/uw1_044 0.008331 0 0 0 0.00833305 0 0 0.0083333328 0 -0.0083333328 0 0 0 0
45 a_massive_stone_door textures/uw1/uw1_045 0.008331 0 0 0 0.00833305 0 0 0.0083333328 0 -0.0083333328 0 0 0 0
46 a_massive_stone_door textures/uw1/uw1_046 0.008331 0 0 0 0.00833305 0 0 0.0083333328 0 -0.0083333328 0 0 0 0
47 a_stone_slab_with_a_three-pronged_indentation textures/uw1/uw1_047 0.008331 0 0 0 0.00833305 0 0 0.0083333328 0 -0.0083333328 0 0 0 0
48 a_stone_wall textures/uw1/uw1_048 0.008331 0 0 0 0.00833305 0 0 0.0083333328 0 -0.0083333328 0 0 0 0
49 an_irregular_stone_wall textures/uw1/uw1_049 0.008331 0 0 0 0.00833305 0 0 0.0083333328 0 -0.0083333328 0 0 0 0
50 an_irregular_stone_wall textures/uw1/uw1_050 0.008331 0 0 0 0.00833305 0 0 0.0083333328 0 -0.0083333328 0 0 0 0
51 an_irregular_stone_wall textures/uw1/uw1_051 0.008331 0 0 0 0.00833305 0 0 0.0083333328 0 -0.0083333328 0 0 0 0
52 an_irregular_stone_wall textures/uw1/uw1_052 0.008331 0 0 0 0.00833305 0 0 0.0083333328 0 -0.0083333328 0 0 0 0
53 an_irregular_stone_wall textures/uw1/uw1_053 0.008331 0 0 0 0.00833305 0 0 0.0083333328 0 -0.0083333328 0 0 0 0
54 a_drain textures/uw1/uw1_054 0.008331 0 0 0 0.00833305 0 0 0.0083333328 0 -0.0083333328 0 0 0 0
55 a_cracked_irregular_stone_wall textures/uw1/uw1_055 0.008331 0 0 0 0.00833305 0 0 0.0083333328 0 -0.0083333328 0 0 0 0
56 a_vine-covered_irregular_stone_wall textures/uw1/uw1_056 0.008331 0 0 0 0.00833305 0 0 0.0083333328 0 -0.0083333328 0 0 0 0
57 a_grating textures/uw1/uw1_057 0.008331 0 0 0 0.00833305 0 0 0.0083333328 0 -0.0083333328 0 0 0 0
58 a_moss-covered_irregular_stone_wall textures/uw1/uw1_058 0.008331 0 0 0 0.00833305 0 0 0.0083333328 0 -0.0083333328 0 0 0 0
59 the_Banner_of_Cabirus textures/uw1/uw1_059 0.008331 0 0 0 0.00833305 0 0 0.0083333328 0 -0.0083333328 0 0 0 0
60 an_irregular_stone_wall textures/uw1/uw1_060 0.008331 0 0 0 0.00833305 0 0 0.0083333328 0 -0.0083333328 0 0 0 0
61 an_irregular_stone_wall textures/uw1/uw1_061 0.008331 0 0 0 0.00833305 0 0 0.0083333328 0 -0.0083333328 0 0 0 0
62 the_Standard_of_the_Silver_Sapling textures/uw1/uw1_062 0.008331 0 0 0 0.00833305 0 0 0.0083333328 0 -0.0083333328 0 0 0 0
63 an_irregular_stone_wall textures/uw1/uw1_063 0.008331 0 0 0 0.00833305 0 0 0.0083333328 0 -0.0083333328 0 0 0 0
64 nothing textures/uw1/uw1_064 0.008331 0 0 0 0.00833305 0 0 0.0083333328 0 -0.0083333328 0 0 0 0
65 a_massive_stone_door textures/uw1/uw1_065 0.008331 0 0 0 0.00833305 0 0 0.0083333328 0 -0.0083333328 0 0 0 0
66 a_natural_stone_wall textures/uw1/uw1_066 0.008331 0 0 0 0.00833305 0 0 0.0083333328 0 -0.0083333328 0 0 0 0
67 a_natural_stone_wall textures/uw1/uw1_067 0.008331 0 0 0 0.00833305 0 0 0.0083333328 0 -0.0083333328 0 0 0 0
68 a_moss-covered_natural_stone_wall textures/uw1/uw1_068 0.008331 0 0 0 0.00833305 0 0 0.0083333328 0 -0.0083333328 0 0 0 0
69 a_moss-covered_natural_stone_wall textures/uw1/uw1_069 0.008331 0 0 0 0.00833305 0 0 0.0083333328 0 -0.0083333328 0 0 0 0
70 a_pipe textures/uw1/uw1_070 0.008331 0 0 0 0.00833305 0 0 0.0083333328 0 -0.0083333328 0 0 0 0
71 a_drain textures/uw1/uw1_071 0.008331 0 0 0 0.00833305 0 0 0.0083333328 0 -0.0083333328 0 0 0 0
72 a_natural_stone_wall textures/uw1/uw1_072 0.008331 0 0 0 0.00833305 0 0 0.0083333328 0 -0.0083333328 0 0 0 0
73 a_natural_stone_wall textures/uw1/uw1_073 0.008331 0 0 0 0.00833305 0 0 0.0083333328 0 -0.0083333328 0 0 0 0
74 nothing textures/uw1/uw1_074 0.008331 0 0 0 0.00833305 0 0 0.0083333328 0 -0.0083333328 0 0 0 0
75 nothing textures/uw1/uw1_075 0.008331 0 0 0 0.00833305 0 0 0.0083333328 0 -0.0083333328 0 0 0 0
76 a_grating textures/uw1/uw1_076 0.008331 0 0 0 0.00833305 0 0 0.0083333328 0 -0.0083333328 0 0 0 0
77 a_tapestry textures/uw1/uw1_077 0.008331 0 0 0 0.00833305 0 0 0.0083333328 0 -0.0083333328 0 0 0 0
78 a_stucco_wall textures/uw1/uw1_078 0.008331 0 0 0 0.00833305 0 0 0.0083333328 0 -0.0083333328 0 0 0 0
79 a_stucco_wall textures/uw1/uw1_079 0.008331 0 0 0 0.00833305 0 0 0.0083333328 0 -0.0083333328 0 0 0 0
80 a_peeling_stucco_wall textures/uw1/uw1_080 0.008331 0 0 0 0.00833305 0 0 0.0083333328 0 -0.0083333328 0 0 0 0
81 a_tapestry textures/uw1/uw1_081 0.008331 0 0 0 0.00833305 0 0 0.0083333328 0 -0.0083333328 0 0 0 0
82 a_peeling_stucco_wall textures/uw1/uw1_082 0.008331 0 0 0 0.00833305 0 0 0.0083333328 0 -0.0083333328 0 0 0 0
83 a_small_rusty_pipe textures/uw1/uw1_083 0.008331 0 0 0 0.00833305 0 0 0.0083333328 0 -0.0083333328 0 0 0 0
84 a_brick_wall textures/uw1/uw1_084 0.008331 0 0 0 0.00833305 0 0 0.0083333328 0 -0.0083333328 0 0 0 0
85 a_brick_wall textures/uw1/uw1_085 0.008331 0 0 0 0.00833305 0 0 0.0083333328 0 -0.0083333328 0 0 0 0
86 a_stucco_wall textures/uw1/uw1_086 0.008331 0 0 0 0.00833305 0 0 0.0083333328 0 -0.0083333328 0 0 0 0
87 a_stucco_wall textures/uw1/uw1_087 0.008331 0 0 0 0.00833305 0 0 0.0083333328 0 -0.0083333328 0 0 0 0
88 a_stucco_wall textures/uw1/uw1_088 0.008331 0 0 0 0.00833305 0 0 0.0083333328 0 -0.0083333328 0 0 0 0
89 a_brick_wall textures/uw1/uw1_089 0.008331 0 0 0 0.00833305 0 0 0.0083333328 0 -0.0083333328 0 0 0 0
90 a_grating textures/uw1/uw1_090 0.008331 0 0 0 0.00833305 0 0 0.0083333328 0 -0.0083333328 0 0 0 0
91 a_Standard_of_the_Silver_Serpent textures/uw1/uw1_091 0.008331 0 0 0 0.00833305 0 0 0.0083333328 0 -0.0083333328 0 0 0 0
92 a_drain textures/uw1/uw1_092 0.008331 0 0 0 0.00833305 0 0 0.0083333328 0 -0.0083333328 0 0 0 0
93 a_peeling_stucco_wall textures/uw1/uw1_093 0.008331 0 0 0 0.00833305 0 0 0.0083333328 0 -0.0083333328 0 0 0 0
94 a_stucco_wall textures/uw1/uw1_094 0.008331 0 0 0 0.00833305 0 0 0.0083333328 0 -0.0083333328 0 0 0 0
95 nothing textures/uw1/uw1_095 0.008331 0 0 0 0.00833305 0 0 0.0083333328 0 -0.0083333328 0 0 0 0
96 a_brick_wall textures/uw1/uw1_096 0.008331 0 0 0 0.00833305 0 0 0.0083333328 0 -0.0083333328 0 0 0 0
97 a_brick_wall textures/uw1/uw1_097 0.008331 0 0 0 0.00833305 0 0 0.0083333328 0 -0.0083333328 0 0 0 0
98 a_brick_wall textures/uw1/uw1_098 0.008331 0 0 0 0.00833305 0 0 0.0083333328 0 -0.0083333328 0 0 0 0
99 a_brick_wall textures/uw1/uw1_099 0.008331 0 0 0 0.00833305 0 0 0.0083333328 0 -0.0083333328 0 0 0 0
100 nothing textures/uw1/uw1_100 0.008331 0 0 0 0.00833305 0 0 0.0083333328 0 -0.0083333328 0 0 0 0
101 nothing textures/uw1/uw1_101 0.008331 0 0 0 0.00833305 0 0 0.0083333328 0 -0.0083333328 0 0 0 0
102 a_grating textures/uw1/uw1_102 0.008331 0 0 0 0.00833305 0 0 0.0083333328 0 -0.0083333328 0 0 0 0
103 a_tapestry textures/uw1/uw1_103 0.008331 0 0 0 0.00833305 0 0 0.0083333328 0 -0.0083333328 0 0 0 0
104 a_pipe textures/uw1/uw1_104 0.008331 0 0 0 0.00833305 0 0 0.0083333328 0 -0.0083333328 0 0 0 0
105 a_mossy_brick_wall textures/uw1/uw1_105 0.008331 0 0 0 0.00833305 0 0 0.0083333328 0 -0.0083333328 0 0 0 0
106 a_cracked_brick_wall textures/uw1/uw1_106 0.008331 0 0 0 0.00833305 0 0 0.0083333328 0 -0.0083333328 0 0 0 0
107 a_drain textures/uw1/uw1_107 0.008331 0 0 0 0.00833305 0 0 0.0083333328 0 -0.0083333328 0 0 0 0
108 a_finished_oak_wall textures/uw1/uw1_108 0.008331 0 0 0 0.00833305 0 0 0.0083333328 0 -0.0083333328 0 0 0 0
109 a_finished_oak_wall textures/uw1/uw1_109 0.008331 0 0 0 0.00833305 0 0 0.0083333328 0 -0.0083333328 0 0 0 0
110 a_finished_oak_wall textures/uw1/uw1_110 0.008331 0 0 0 0.00833305 0 0 0.0083333328 0 -0.0083333328 0 0 0 0
111 a_finished_oak_wall textures/uw1/uw1_111 0.008331 0 0 0 0.00833305 0 0 0.0083333328 0 -0.0083333328 0 0 0 0
112 a_grating textures/uw1/uw1_112 0.008331 0 0 0 0.00833305 0 0 0.0083333328 0 -0.0083333328 0 0 0 0
113 a_pipe textures/uw1/uw1_113 0.008331 0 0 0 0.00833305 0 0 0.0083333328 0 -0.0083333328 0 0 0 0
114 a_marble_wall textures/uw1/uw1_114 0.008331 0 0 0 0.00833305 0 0 0.0083333328 0 -0.0083333328 0 0 0 0
115 a_marble_wall textures/uw1/uw1_115 0.008331 0 0 0 0.00833305 0 0 0.0083333328 0 -0.0083333328 0 0 0 0
116 a_marble_wall textures/uw1/uw1_116 0.008331 0 0 0 0.00833305 0 0 0.0083333328 0 -0.0083333328 0 0 0 0
117 a_marble_wall textures/uw1/uw1_117 0.008331 0 0 0 0.00833305 0 0 0.0083333328 0 -0.0083333328 0 0 0 0
118 a_marble_wall textures/uw1/uw1_118 0.008331 0 0 0 0.00833305 0 0 0.0083333328 0 -0.0083333328 0 0 0 0
119 a_marble_wall textures/uw1/uw1_119 0.008331 0 0 0 0.00833305 0 0 0.0083333328 0 -0.0083333328 0 0 0 0
120 a_tapestry textures/uw1/uw1_120 0.008331 0 0 0 0.00833305 0 0 0.0083333328 0 -0.0083333328 0 0 0 0
121 a_drain textures/uw1/uw1_121 0.008331 0 0 0 0.00833305 0 0 0.0083333328 0 -0.0083333328 0 0 0 0
122 a_pipe textures/uw1/uw1_122 0.008331 0 0 0 0.00833305 0 0 0.0083333328 0 -0.0083333328 0 0 0 0
123 the_Standard_of_the_Silver_Serpent textures/uw1/uw1_123 0.008331 0 0 0 0.00833305 0 0 0.0083333328 0 -0.0083333328 0 0 0 0
124 the_Standard_of_the_Seers textures/uw1/uw1_124 0.008331 0 0 0 0.00833305 0 0 0.0083333328 0 -0.0083333328 0 0 0 0
125 the_Standard_of_the_Seers textures/uw1/uw1_125 0.008331 0 0 0 0.00833305 0 0 0.0083333328 0 -0.0083333328 0 0 0 0
126 a_rough_hewn_wall textures/uw1/uw1_126 0.008331 0 0 0 0.00833305 0 0 0.0083333328 0 -0.0083333328 0 0 0 0
127 a_window textures/uw1/uw1_127 0.008331 0 0 0 0.00833305 0 0 0.0083333328 0 -0.0083333328 0 0 0 0
128 a_gold-veined_rough_hewn_wall textures/uw1/uw1_128 0.008331 0 0 0 0.00833305 0 0 0.0083333328 0 -0.0083333328 0 0 0 0
129 a_rough_hewn_wall textures/uw1/uw1_129 0.008331 0 0 0 0.00833305 0 0 0.0083333328 0 -0.0083333328 0 0 0 0
130 a_rough_hewn_wall textures/uw1/uw1_130 0.008331 0 0 0 0.00833305 0 0 0.0083333328 0 -0.0083333328 0 0 0 0
131 a_mossy_rough_hewn_wall textures/uw1/uw1_131 0.008331 0 0 0 0.00833305 0 0 0.0083333328 0 -0.0083333328 0 0 0 0
132 a_drain textures/uw1/uw1_132 0.008331 0 0 0 0.00833305 0 0 0.0083333328 0 -0.0083333328 0 0 0 0
133 a_tapestry textures/uw1/uw1_133 0.008331 0 0 0 0.00833305 0 0 0.0083333328 0 -0.0083333328 0 0 0 0
134 a_drain textures/uw1/uw1_134 0.008331 0 0 0 0.00833305 0 0 0.0083333328 0 -0.0083333328 0 0 0 0
135 a_brick_wall textures/uw1/uw1_135 0.008331 0 0 0 0.00833305 0 0 0.0083333328 0 -0.0083333328 0 0 0 0
136 a_brick_wall textures/uw1/uw1_136 0.008331 0 0 0 0.00833305 0 0 0.0083333328 0 -0.0083333328 0 0 0 0
137 a_stairway_leading_down textures/uw1/uw1_137 0.008331 0 0 0 0.00833305 0 0 0.0083333328 0 -0.0083333328 0 0 0 0
138 a_moss-covered_wall textures/uw1/uw1_138 0.008331 0 0 0 0.00833305 0 0 0.0083333328 0 -0.0083333328 0 0 0 0
139 a_stairway_leading_up textures/uw1/uw1_139 0.008331 0 0 0 0.00833305 0 0 0.0083333328 0 -0.0083333328 0 0 0 0
140 a_stairway_leading_up textures/uw1/uw1_140 0.008331 0 0 0 0.00833305 0 0 0.0083333328 0 -0.0083333328 0 0 0 0
141 a_stairway_leading_down textures/uw1/uw1_141 0.008331 0 0 0 0.00833305 0 0 0.0083333328 0 -0.0083333328 0 0 0 0
142 a_window textures/uw1/uw1_142 0.008331 0 0 0 0.00833305 0 0 0.0083333328 0 -0.0083333328 0 0 0 0
143 a_princess_chained_to_a_brick_wall textures/uw1/uw1_143 0.008331 0 0 0 0.00833305 0 0 0.0083333328 0 -0.0083333328 0 0 0 0
144 a_stone_wall textures/uw1/uw1_144 0.008331 0 0 0 0.00833305 0 0 0.0083333328 0 -0.0083333328 0 0 0 0
145 an_irregular_stone_wall textures/uw1/uw1_145 0.008331 0 0 0 0.00833305 0 0 0.0083333328 0 -0.0083333328 0 0 0 0
146 an_irregular_stone_wall textures/uw1/uw1_146 0.008331 0 0 0 0.00833305 0 0 0.0083333328 0 -0.0083333328 0 0 0 0
147 an_irregular_stone_wall textures/uw1/uw1_147 0.008331 0 0 0 0.00833305 0 0 0.0083333328 0 -0.0083333328 0 0 0 0
148 an_irregular_stone_wall textures/uw1/uw1_148 0.008331 0 0 0 0.00833305 0 0 0.0083333328 0 -0.0083333328 0 0 0 0
149 an_irregular_stone_wall textures/uw1/uw1_149 0.008331 0 0 0 0.00833305 0 0 0.0083333328 0 -0.0083333328 0 0 0 0
150 a_drain textures/uw1/uw1_150 0.008331 0 0 0 0.00833305 0 0 0.0083333328 0 -0.0083333328 0 0 0 0
151 a_cracked_irregular_stone_wall textures/uw1/uw1_151 0.008331 0 0 0 0.00833305 0 0 0.0083333328 0 -0.0083333328 0 0 0 0
152 a_vine-covered_irregular_stone_wall textures/uw1/uw1_152 0.008331 0 0 0 0.00833305 0 0 0.0083333328 0 -0.0083333328 0 0 0 0
153 a_grating textures/uw1/uw1_153 0.008331 0 0 0 0.00833305 0 0 0.0083333328 0 -0.0083333328 0 0 0 0
154 a_mossy_irregular_stone_wall textures/uw1/uw1_154 0.008331 0 0 0 0.00833305 0 0 0.0083333328 0 -0.0083333328 0 0 0 0
155 the_Banner_of_Cabirus textures/uw1/uw1_155 0.008331 0 0 0 0.00833305 0 0 0.0083333328 0 -0.0083333328 0 0 0 0
156 an_irregular_stone_wall textures/uw1/uw1_156 0.008331 0 0 0 0.00833305 0 0 0.0083333328 0 -0.0083333328 0 0 0 0
157 an_irregular_stone_wall textures/uw1/uw1_157 0.008331 0 0 0 0.00833305 0 0 0.0083333328 0 -0.0083333328 0 0 0 0
158 an_irregular_stone_wall textures/uw1/uw1_158 0.008331 0 0 0 0.00833305 0 0 0.0083333328 0 -0.0083333328 0 0 0 0
159 the_Standard_of_the_Knights textures/uw1/uw1_159 0.008331 0 0 0 0.00833305 0 0 0.0083333328 0 -0.0083333328 0 0 0 0
160 a_caved-in_stairway textures/uw1/uw1_160 0.008331 0 0 0 0.00833305 0 0 0.0083333328 0 -0.0083333328 0 0 0 0
161 a_caved-in_passageway textures/uw1/uw1_161 0.008331 0 0 0 0.00833305 0 0 0.0083333328 0 -0.0083333328 0 0 0 0
162 a_stone_wall textures/uw1/uw1_162 0.008331 0 0 0 0.00833305 0 0 0.0083333328 0 -0.0083333328 0 0 0 0
163 an_irregular_stone_wall textures/uw1/uw1_163 0.008331 0 0 0 0.00833305 0 0 0.0083333328 0 -0.0083333328 0 0 0 0
164 an_irregular_stone_wall textures/uw1/uw1_164 0.008331 0 0 0 0.00833305 0 0 0.0083333328 0 -0.0083333328 0 0 0 0
165 an_irregular_stone_wall textures/uw1/uw1_165 0.008331 0 0 0 0.00833305 0 0 0.0083333328 0 -0.0083333328 0 0 0 0
166 an_irregular_stone_wall textures/uw1/uw1_166 0.008331 0 0 0 0.00833305 0 0 0.0083333328 0 -0.0083333328 0 0 0 0
167 an_irregular_stone_wall textures/uw1/uw1_167 0.008331 0 0 0 0.00833305 0 0 0.0083333328 0 -0.0083333328 0 0 0 0
168 a_mossy_stone_wall textures/uw1/uw1_168 0.008331 0 0 0 0.00833305 0 0 0.0083333328 0 -0.0083333328 0 0 0 0
169 a_cracked_irregular_stone_wall textures/uw1/uw1_169 0.008331 0 0 0 0.00833305 0 0 0.0083333328 0 -0.0083333328 0 0 0 0
170 a_drain textures/uw1/uw1_170 0.008331 0 0 0 0.00833305 0 0 0.0083333328 0 -0.0083333328 0 0 0 0
171 a_vine-covered_irregular_stone_wall textures/uw1/uw1_171 0.008331 0 0 0 0.00833305 0 0 0.0083333328 0 -0.0083333328 0 0 0 0
172 a_tapestry textures/uw1/uw1_172 0.008331 0 0 0 0.00833305 0 0 0.0083333328 0 -0.0083333328 0 0 0 0
173 a_grating textures/uw1/uw1_173 0.008331 0 0 0 0.00833305 0 0 0.0083333328 0 -0.0083333328 0 0 0 0
174 a_moss-covered_irregular_stone_wall textures/uw1/uw1_174 0.008331 0 0 0 0.00833305 0 0 0.0083333328 0 -0.0083333328 0 0 0 0
175 an_irregular_stone_wall textures/uw1/uw1_175 0.008331 0 0 0 0.00833305 0 0 0.0083333328 0 -0.0083333328 0 0 0 0
176 an_irregular_stone_wall textures/uw1/uw1_176 0.008331 0 0 0 0.00833305 0 0 0.0083333328 0 -0.0083333328 0 0 0 0
177 an_irregular_stone_wall textures/uw1/uw1_177 0.008331 0 0 0 0.00833305 0 0 0.0083333328 0 -0.0083333328 0 0 0 0
178 a_marble_wall textures/uw1/uw1_178 0.008331 0 0 0 0.00833305 0 0 0.0083333328 0 -0.0083333328 0 0 0 0
179 a_marble_wall textures/uw1/uw1_179 0.008331 0 0 0 0.00833305 0 0 0.0083333328 0 -0.0083333328 0 0 0 0
180 a_marble_wall textures/uw1/uw1_180 0.008331 0 0 0 0.00833305 0 0 0.0083333328 0 -0.0083333328 0 0 0 0
181 a_marble_wall textures/uw1/uw1_181 0.008331 0 0 0 0.00833305 0 0 0.0083333328 0 -0.0083333328 0 0 0 0
182 a_marble_wall textures/uw1/uw1_182 0.008331 0 0 0 0.00833305 0 0 0.0083333328 0 -0.0083333328 0 0 0 0
183 a_marble_wall textures/uw1/uw1_183 0.008331 0 0 0 0.00833305 0 0 0.0083333328 0 -0.0083333328 0 0 0 0
184 a_marble_wall textures/uw1/uw1_184 0.008331 0 0 0 0.00833305 0 0 0.0083333328 0 -0.0083333328 0 0 0 0
185 a_marble_wall textures/uw1/uw1_185 0.008331 0 0 0 0.00833305 0 0 0.0083333328 0 -0.0083333328 0 0 0 0
186 a_marble_wall textures/uw1/uw1_186 0.008331 0 0 0 0.00833305 0 0 0.0083333328 0 -0.0083333328 0 0 0 0
187 a_marble_wall textures/uw1/uw1_187 0.008331 0 0 0 0.00833305 0 0 0.0083333328 0 -0.0083333328 0 0 0 0
188 a_marble_wall textures/uw1/uw1_188 0.008331 0 0 0 0.00833305 0 0 0.0083333328 0 -0.0083333328 0 0 0 0
189 an_ankh textures/uw1/uw1_189 0.008331 0 0 0 0.00833305 0 0 0.0083333328 0 -0.0083333328 0 0 0 0
190 a_marble_wall textures/uw1/uw1_190 0.008331 0 0 0 0.00833305 0 0 0.0083333328 0 -0.0083333328 0 0 0 0
191 a_marble_wall textures/uw1/uw1_191 0.008331 0 0 0 0.00833305 0 0 0.0083333328 0 -0.0083333328 0 0 0 0
192 a_stone_wall textures/uw1/uw1_192 0.008331 0 0 0 0.00833305 0 0 0.0083333328 0 -0.0083333328 0 0 0 0
193 a_stone_wall textures/uw1/uw1_193 0.008331 0 0 0 0.00833305 0 0 0.0083333328 0 -0.0083333328 0 0 0 0
194 a_stone_wall textures/uw1/uw1_194 0.008331 0 0 0 0.00833305 0 0 0.0083333328 0 -0.0083333328 0 0 0 0
195 a_stone_wall textures/uw1/uw1_195 0.008331 0 0 0 0.00833305 0 0 0.0083333328 0 -0.0083333328 0 0 0 0
196 a_massive_stone_door textures/uw1/uw1_196 0.008331 0 0 0 0.00833305 0 0 0.0083333328 0 -0.0083333328 0 0 0 0
197 a_marble_wall textures/uw1/uw1_197 0.008331 0 0 0 0.00833305 0 0 0.0083333328 0 -0.0083333328 0 0 0 0
198 a_waterfall textures/uw1/uw1_198 0.008331 0 0 0 0.00833305 0 0 0.0083333328 0 -0.0083333328 0 0 0 0
199 a_marble_wall textures/uw1/uw1_199 0.008331 0 0 0 0.00833305 0 0 0.0083333328 0 -0.0083333328 0 0 0 0
200 a_marble_wall textures/uw1/uw1_200 0.008331 0 0 0 0.00833305 0 0 0.0083333328 0 -0.0083333328 0 0 0 0
201 a_marble_wall textures/uw1/uw1_201 0.008331 0 0 0 0.00833305 0 0 0.0083333328 0 -0.0083333328 0 0 0 0
202 a_marble_wall textures/uw1/uw1_202 0.008331 0 0 0 0.00833305 0 0 0.0083333328 0 -0.0083333328 0 0 0 0
203 a_marble_wall textures/uw1/uw1_203 0.008331 0 0 0 0.00833305 0 0 0.0083333328 0 -0.0083333328 0 0 0 0
204 a_marble_wall textures/uw1/uw1_204 0.008331 0 0 0 0.00833305 0 0 0.0083333328 0 -0.0083333328 0 0 0 0
205 a_marble_wall textures/uw1/uw1_205 0.008331 0 0 0 0.00833305 0 0 0.0083333328 0 -0.0083333328 0 0 0 0
206 a_lavafall textures/uw1/uw1_206 0.008331 0 0 0 0.00833305 0 0 0.0083333328 0 -0.0083333328 0 0 0 0
207 a_rough_hewn_wall textures/uw1/uw1_207 0.008331 0 0 0 0.00833305 0 0 0.0083333328 0 -0.0083333328 0 0 0 0
208 a_rough_hewn_wall textures/uw1/uw1_208 0.008331 0 0 0 0.00833305 0 0 0.0083333328 0 -0.0083333328 0 0 0 0
209 a_pipe textures/uw1/uw1_209 0.008331 0 0 0 0.00833305 0 0 0.0083333328 0 -0.0083333328 0 0 0 0
210 a_stone_floor textures/uw1/uw1_210 0.008331 0 0 0 0.00833305 0 0 0.0083333328 0 -0.0083333328 0 0 0 0
211 a_stone_floor textures/uw1/uw1_211 0.008331 0 0 0 0.00833305 0 0 0.0083333328 0 -0.0083333328 0 0 0 0
212 a_puddle textures/uw1/uw1_212 0.008331 0 0 0 0.00833305 0 0 0.0083333328 0 -0.0083333328 0 0 0 0
213 a_puddle textures/uw1/uw1_213 0.008331 0 0 0 0.00833305 0 0 0.0083333328 0 -0.0083333328 0 0 0 0
214 a_stone_floor textures/uw1/uw1_214 0.008331 0 0 0 0.00833305 0 0 0.0083333328 0 -0.0083333328 0 0 0 0
215 a_dirt_floor textures/uw1/uw1_215 0.008331 0 0 0 0.00833305 0 0 0.0083333328 0 -0.0083333328 0 0 0 0
216 a_dirt_floor textures/uw1/uw1_216 0.008331 0 0 0 0.00833305 0 0 0.0083333328 0 -0.0083333328 0 0 0 0
217 a_dirt_floor textures/uw1/uw1_217 0.008331 0 0 0 0.00833305 0 0 0.0083333328 0 -0.0083333328 0 0 0 0
218 a_dirt_floor textures/uw1/uw1_218 0.008331 0 0 0 0.00833305 0 0 0.0083333328 0 -0.0083333328 0 0 0 0
219 a_dirt_floor textures/uw1/uw1_219 0.008331 0 0 0 0.00833305 0 0 0.0083333328 0 -0.0083333328 0 0 0 0
220 a_dirt_floor textures/uw1/uw1_220 0.008331 0 0 0 0.00833305 0 0 0.0083333328 0 -0.0083333328 0 0 0 0
221 a_dirt_floor textures/uw1/uw1_221 0.008331 0 0 0 0.00833305 0 0 0.0083333328 0 -0.0083333328 0 0 0 0
222 a_marble_floor textures/uw1/uw1_222 0.008331 0 0 0 0.00833305 0 0 0.0083333328 0 -0.0083333328 0 0 0 0
223 a_marble_floor textures/uw1/uw1_223 0.008331 0 0 0 0.00833305 0 0 0.0083333328 0 -0.0083333328 0 0 0 0
224 a_marble_floor textures/uw1/uw1_224 0.008331 0 0 0 0.00833305 0 0 0.0083333328 0 -0.0083333328 0 0 0 0
225 a_marble_floor textures/uw1/uw1_225 0.008331 0 0 0 0.00833305 0 0 0.0083333328 0 -0.0083333328 0 0 0 0
226 water textures/uw1/uw1_226 0.008331 0 0 0 0.00833305 0 0 0.0083333328 0 -0.0083333328 0 0 1 0
227 water textures/uw1/uw1_227 0.008331 0 0 0 0.00833305 0 0 0.0083333328 0 -0.0083333328 0 0 1 0
228 a_dirt_floor textures/uw1/uw1_228 0.008331 0 0 0 0.00833305 0 0 0.0083333328 0 -0.0083333328 0 0 0 0
229 a_dirt_floor textures/uw1/uw1_229 0.008331 0 0 0 0.00833305 0 0 0.0083333328 0 -0.0083333328 0 0 0 0
230 a_dirt_floor textures/uw1/uw1_230 0.008331 0 0 0 0.00833305 0 0 0.0083333328 0 -0.0083333328 0 0 0 0
231 a_dirt_floor textures/uw1/uw1_231 0.008331 0 0 0 0.00833305 0 0 0.0083333328 0 -0.0083333328 0 0 0 0
232 a_dirt_floor textures/uw1/uw1_232 0.008331 0 0 0 0.00833305 0 0 0.0083333328 0 -0.0083333328 0 0 0 0
233 rivulets_of_lava textures/uw1/uw1_233 0.008331 0 0 0 0.00833305 0 0 0.0083333328 0 -0.0083333328 0 0 0 0
234 lava textures/uw1/uw1_234 0.008331 0 0 0 0.00833305 0 0 0.0083333328 0 -0.0083333328 0 0 0 1
235 lava textures/uw1/uw1_235 0.008331 0 0 0 0.00833305 0 0 0.0083333328 0 -0.0083333328 0 0 0 1
236 nothing textures/uw1/uw1_236 0.008331 0 0 0 0.00833305 0 0 0.0083333328 0 -0.0083333328 0 0 0 0
237 a_rough_floor textures/uw1/uw1_237 0.008331 0 0 0 0.00833305 0 0 0.0083333328 0 -0.0083333328 0 0 0 0
238 a_rough_floor textures/uw1/uw1_238 0.008331 0 0 0 0.00833305 0 0 0.0083333328 0 -0.0083333328 0 0 0 0
239 a_rough_floor textures/uw1/uw1_239 0.008331 0 0 0 0.00833305 0 0 0.0083333328 0 -0.0083333328 0 0 0 0
240 a_rough_floor textures/uw1/uw1_240 0.008331 0 0 0 0.00833305 0 0 0.0083333328 0 -0.0083333328 0 0 0 0
241 a_rough_floor textures/uw1/uw1_241 0.008331 0 0 0 0.00833305 0 0 0.0083333328 0 -0.0083333328 0 0 0 0
242 water textures/uw1/uw1_242 0.008331 0 0 0 0.00833305 0 0 0.0083333328 0 -0.0083333328 0 0 1 0
243 water textures/uw1/uw1_243 0.008331 0 0 0 0.00833305 0 0 0.0083333328 0 -0.0083333328 0 0 1 0
244 water textures/uw1/uw1_244 0.008331 0 0 0 0.00833305 0 0 0.0083333328 0 -0.0083333328 0 0 1 0
245 a_dirt_floor textures/uw1/uw1_245 0.008331 0 0 0 0.00833305 0 0 0.0083333328 0 -0.0083333328 0 0 0 0
246 a_rough_floor textures/uw1/uw1_246 0.008331 0 0 0 0.00833305 0 0 0.0083333328 0 -0.0083333328 0 0 0 0
247 a_dirt_floor textures/uw1/uw1_247 0.008331 0 0 0 0.00833305 0 0 0.0083333328 0 -0.0083333328 0 0 0 0
248 a_dirt_floor textures/uw1/uw1_248 0.008331 0 0 0 0.00833305 0 0 0.0083333328 0 -0.0083333328 0 0 0 0
249 a_dirt_floor textures/uw1/uw1_249 0.008331 0 0 0 0.00833305 0 0 0.0083333328 0 -0.0083333328 0 0 0 0
250 a_dirt_floor textures/uw1/uw1_250 0.008331 0 0 0 0.00833305 0 0 0.0083333328 0 -0.0083333328 0 0 0 0
251 rivulets_of_lava textures/uw1/uw1_251 0.008331 0 0 0 0.00833305 0 0 0.0083333328 0 -0.0083333328 0 0 0 0
252 a_straw_bed textures/uw1/uw1_252 0.008331 0 0 0 0.00833305 0 0 0.0083333328 0 -0.0083333328 0 0 0 0
253 a_glowing_green_pathway textures/uw1/uw1_253 0.008331 0 0 0 0.00833305 0 0 0.0083333328 0 -0.0083333328 0 0 0 0
254 a_glowing_green_pathway textures/uw1/uw1_254 0.008331 0 0 0 0.00833305 0 0 0.0083333328 0 -0.0083333328 0 0 0 0
255 a_glowing_green_pathway textures/uw1/uw1_255 0.008331 0 0 0 0.00833305 0 0 0.0083333328 0 -0.0083333328 0 0 0 0
256 a_glowing_red_pathway textures/uw1/uw1_256 0.008331 0 0 0 0.00833305 0 0 0.0083333328 0 -0.0083333328 0 0 0 0
257 a_glowing_red_pathway textures/uw1/uw1_257 0.008331 0 0 0 0.00833305 0 0 0.0083333328 0 -0.0083333328 0 0 0 0
258 a_glowing_red_pathway textures/uw1/uw1_258 0.008331 0 0 0 0.00833305 0 0 0.0083333328 0 -0.0083333328 0 0 0 0
259 a_glowing_blue_pathway textures/uw1/uw1_259 0.008331 0 0 0 0.00833305 0 0 0.0083333328 0 -0.0083333328 0 0 0 0
260 a_glowing_blue_pathway textures/uw1/uw1_260 0.008331 0 0 0 0.00833305 0 0 0.0083333328 0 -0.0083333328 0 0 0 0
261 a_glowing_blue_pathway textures/uw1/uw1_261 0.008331 0 0 0 0.00833305 0 0 0.0083333328 0 -0.0083333328 0 0 0 0
262 the_ceiling textures/darkmod/carpet/rugs/ornate_black_gold01 0.008331 0 0 0 0.00833305 0 0 0.0083333328 0 -0.0083333328 0 0 0 0
