0 stairs_down textures/uw2/uw2_000 0.008331 0 0 0 0.00833305 0 0 0.0083333328 0 -0.0083333328 0 0 0 0
1 stairs_up textures/uw2/uw2_001 0.008331 0 0 0 0.00833305 0 0 0.0083333328 0 -0.0083333328 0 0 0 0
2 a_downwards_slope textures/uw2/uw2_002 0.008331 0 0 0 0.00833305 0 0 0.0083333328 0 -0.0083333328 0 0 0 0
3 an_upwards_slope textures/uw2/uw2_003 0.008331 0 0 0 0.00833305 0 0 0.0083333328 0 -0.0083333328 0 0 0 0
4 spiral_stairs_down textures/uw2/uw2_004 0.008331 0 0 0 0.00833305 0 0 0.0083333328 0 -0.0083333328 0 0 0 0
5 spiral_stairs_up textures/uw2/uw2_005 0.008331 0 0 0 0.00833305 0 0 0.0083333328 0 -0.0083333328 0 0 0 0
6 a_ladder_down textures/uw2/uw2_006 0.008331 0 0 0 0.00833305 0 0 0.0083333328 0 -0.0083333328 0 0 0 0
7 a_ladder_up textures/uw2/uw2_007 0.008331 0 0 0 0.00833305 0 0 0.0083333328 0 -0.0083333328 0 0 0 0
8 a_stone_wall textures/uw2/uw2_008 0.008331 0 0 0 0.00833305 0 0 0.0083333328 0 -0.0083333328 0 0 0 0
9 a_window textures/uw2/uw2_009 0.008331 0 0 0 0.00833305 0 0 0.0083333328 0 -0.0083333328 0 0 0 0
10 unknown textures/uw2/uw2_010 0.008331 0 0 0 0.00833305 0 0 0.0083333328 0 -0.0083333328 0 0 0 0
11 unknown textures/uw2/uw2_011 0.008331 0 0 0 0.00833305 0 0 0.0083333328 0 -0.0083333328 0 0 0 0
12 a_stone_wall textures/uw2/uw2_012 0.008331 0 0 0 0.00833305 0 0 0.0083333328 0 -0.0083333328 0 0 0 0
13 an_ankh_banner textures/uw2/uw2_013 0.008331 0 0 0 0.00833305 0 0 0.0083333328 0 -0.0083333328 0 0 0 0
14 a_banner textures/uw2/uw2_014 0.008331 0 0 0 0.00833305 0 0 0.0083333328 0 -0.0083333328 0 0 0 0
15 a_grating textures/uw2/uw2_015 0.008331 0 0 0 0.00833305 0 0 0.0083333328 0 -0.0083333328 0 0 0 0
16 blackness textures/uw2/uw2_016 0.008331 0 0 0 0.00833305 0 0 0.0083333328 0 -0.0083333328 0 0 0 0
17 a_cracked_stone_wall textures/uw2/uw2_017 0.008331 0 0 0 0.00833305 0 0 0.0083333328 0 -0.0083333328 0 0 0 0
18 a_cracked,_mossy_stone_wall textures/uw2/uw2_018 0.008331 0 0 0 0.00833305 0 0 0.0083333328 0 -0.0083333328 0 0 0 0
19 a_cracked,_bloodstained_stone_wall textures/uw2/uw2_019 0.008331 0 0 0 0.00833305 0 0 0.0083333328 0 -0.0083333328 0 0 0 0
20 a_waterfall textures/uw2/uw2_020 0.008331 0 0 0 0.00833305 0 0 0.0083333328 0 -0.0083333328 0 0 0 0
21 a_stone_wall textures/uw2/uw2_021 0.008331 0 0 0 0.00833305 0 0 0.0083333328 0 -0.0083333328 0 0 0 0
22 a_stone_wall textures/uw2/uw2_022 0.008331 0 0 0 0.00833305 0 0 0.0083333328 0 -0.0083333328 0 0 0 0
23 a_stone_wall textures/uw2/uw2_023 0.008331 0 0 0 0.00833305 0 0 0.0083333328 0 -0.0083333328 0 0 0 0
24 a_natural_stone_wall textures/uw2/uw2_024 0.008331 0 0 0 0.00833305 0 0 0.0083333328 0 -0.0083333328 0 0 0 0
25 a_natural_stone_wall textures/uw2/uw2_025 0.008331 0 0 0 0.00833305 0 0 0.0083333328 0 -0.0083333328 0 0 0 0
26 a_drain textures/uw2/uw2_026 0.008331 0 0 0 0.00833305 0 0 0.0083333328 0 -0.0083333328 0 0 0 0
27 a_mossy_natural_stone_wall textures/uw2/uw2_027 0.008331 0 0 0 0.00833305 0 0 0.0083333328 0 -0.0083333328 0 0 0 0
28 a_weed-choked_drain textures/uw2/uw2_028 0.008331 0 0 0 0.00833305 0 0 0.0083333328 0 -0.0083333328 0 0 0 0
29 a_vine-covered_mossy_stone_wall textures/uw2/uw2_029 0.008331 0 0 0 0.00833305 0 0 0.0083333328 0 -0.0083333328 0 0 0 0
30 a_waterfall textures/uw2/uw2_030 0.008331 0 0 0 0.00833305 0 0 0.0083333328 0 -0.0083333328 0 0 0 0
31 a_slime-covered_stone_wall textures/uw2/uw2_031 0.008331 0 0 0 0.00833305 0 0 0.0083333328 0 -0.0083333328 0 0 0 0
32 a_wood_panelled_wall textures/uw2/uw2_032 0.008331 0 0 0 0.00833305 0 0 0.0083333328 0 -0.0083333328 0 0 0 0
33 a_wood_panelled_wall textures/uw2/uw2_033 0.008331 0 0 0 0.00833305 0 0 0.0083333328 0 -0.0083333328 0 0 0 0
34 a_wood_panelled_wall textures/uw2/uw2_034 0.008331 0 0 0 0.00833305 0 0 0.0083333328 0 -0.0083333328 0 0 0 0
35 a_wood_panelled_wall textures/uw2/uw2_035 0.008331 0 0 0 0.00833305 0 0 0.0083333328 0 -0.0083333328 0 0 0 0
36 a_cave-in textures/uw2/uw2_036 0.008331 0 0 0 0.00833305 0 0 0.0083333328 0 -0.0083333328 0 0 0 0
37 a_cave-in textures/uw2/uw2_037 0.008331 0 0 0 0.00833305 0 0 0.0083333328 0 -0.0083333328 0 0 0 0
38 a_collapsed_stairway textures/uw2/uw2_038 0.008331 0 0 0 0.00833305 0 0 0.0083333328 0 -0.0083333328 0 0 0 0
39 a_collapsed_passageway textures/uw2/uw2_039 0.008331 0 0 0 0.00833305 0 0 0.0083333328 0 -0.0083333328 0 0 0 0
40 a_sandstone_wall textures/uw2/uw2_040 0.008331 0 0 0 0.00833305 0 0 0.0083333328 0 -0.0083333328 0 0 0 0
41 a_sandstone_wall textures/uw2/uw2_041 0.008331 0 0 0 0.00833305 0 0 0.0083333328 0 -0.0083333328 0 0 0 0
42 a_sandstone_wall textures/uw2/uw2_042 0.008331 0 0 0 0.00833305 0 0 0.0083333328 0 -0.0083333328 0 0 0 0
43 ornamental_crossed_spears textures/uw2/uw2_043 0.008331 0 0 0 0.00833305 0 0 0.0083333328 0 -0.0083333328 0 0 0 0
44 a_banner_of_the_Guardian textures/uw2/uw2_044 0.008331 0 0 0 0.00833305 0 0 0.0083333328 0 -0.0083333328 0 0 0 0
45 a_stone_wall textures/uw2/uw2_045 0.008331 0 0 0 0.00833305 0 0 0.0083333328 0 -0.0083333328 0 0 0 0
46 a_banner textures/uw2/uw2_046 0.008331 0 0 0 0.00833305 0 0 0.0083333328 0 -0.0083333328 0 0 0 0
47 ornamental_crossed_swords textures/uw2/uw2_047 0.008331 0 0 0 0.00833305 0 0 0.0083333328 0 -0.0083333328 0 0 0 0
48 an_ice_wall textures/uw2/uw2_048 0.008331 0 0 0 0.00833305 0 0 0.0083333328 0 -0.0083333328 0 0 0 0
49 a_smooth_ice_wall textures/uw2/uw2_049 0.008331 0 0 0 0.00833305 0 0 0.0083333328 0 -0.0083333328 0 0 0 0
50 a_cracked_ice_wall textures/uw2/uw2_050 0.008331 0 0 0 0.00833305 0 0 0.0083333328 0 -0.0083333328 0 0 0 0
51 an_ice_wall_with_a_river_channel_melted_through textures/uw2/uw2_051 0.008331 0 0 0 0.00833305 0 0 0.0083333328 0 -0.0083333328 0 0 0 0
52 a_waterfall textures/uw2/uw2_052 0.008331 0 0 0 0.00833305 0 0 0.0083333328 0 -0.0083333328 0 0 0 0
53 an_ice_wall textures/uw2/uw2_053 0.008331 0 0 0 0.00833305 0 0 0.0083333328 0 -0.0083333328 0 0 0 0
54 an_ice_wall textures/uw2/uw2_054 0.008331 0 0 0 0.00833305 0 0 0.0083333328 0 -0.0083333328 0 0 0 0
55 an_ice_wall textures/uw2/uw2_055 0.008331 0 0 0 0.00833305 0 0 0.0083333328 0 -0.0083333328 0 0 0 0
56 a_green_substance textures/uw2/uw2_056 0.008331 0 0 0 0.00833305 0 0 0.0083333328 0 -0.0083333328 0 0 0 0
57 a_strange_substance textures/uw2/uw2_057 0.008331 0 0 0 0.00833305 0 0 0.0083333328 0 -0.0083333328 0 0 0 0
58 a_blue_substance textures/uw2/uw2_058 0.008331 0 0 0 0.00833305 0 0 0.0083333328 0 -0.0083333328 0 0 0 0
59 a_strange_substance textures/uw2/uw2_059 0.008331 0 0 0 0.00833305 0 0 0.0083333328 0 -0.0083333328 0 0 0 0
60 a_lavafall textures/uw2/uw2_060 0.008331 0 0 0 0.00833305 0 0 0.0083333328 0 -0.0083333328 0 0 0 0
61 a_red_substance textures/uw2/uw2_061 0.008331 0 0 0 0.00833305 0 0 0.0083333328 0 -0.0083333328 0 0 0 0
62 a_grey_substance textures/uw2/uw2_062 0.008331 0 0 0 0.00833305 0 0 0.0083333328 0 -0.0083333328 0 0 0 0
63 a_volcanic_rock_wall textures/uw2/uw2_063 0.008331 0 0 0 0.00833305 0 0 0.0083333328 0 -0.0083333328 0 0 0 0
64 a_red_brick_wall textures/uw2/uw2_064 0.008331 0 0 0 0.00833305 0 0 0.0083333328 0 -0.0083333328 0 0 0 0
65 a_log_wall textures/uw2/uw2_065 0.008331 0 0 0 0.00833305 0 0 0.0083333328 0 -0.0083333328 0 0 0 0
66 a_red_brick_wall textures/uw2/uw2_066 0.008331 0 0 0 0.00833305 0 0 0.0083333328 0 -0.0083333328 0 0 0 0
67 a_red_brick_wall textures/uw2/uw2_067 0.008331 0 0 0 0.00833305 0 0 0.0083333328 0 -0.0083333328 0 0 0 0
68 a_red_brick_wall textures/uw2/uw2_068 0.008331 0 0 0 0.00833305 0 0 0.0083333328 0 -0.0083333328 0 0 0 0
69 an_aged_wood_wall textures/uw2/uw2_069 0.008331 0 0 0 0.00833305 0 0 0.0083333328 0 -0.0083333328 0 0 0 0
70 an_aged_wood_wall textures/uw2/uw2_070 0.008331 0 0 0 0.00833305 0 0 0.0083333328 0 -0.0083333328 0 0 0 0
71 an_aged_wood_wall textures/uw2/uw2_071 0.008331 0 0 0 0.00833305 0 0 0.0083333328 0 -0.0083333328 0 0 0 0
72 a_green_stone_wall textures/uw2/uw2_072 0.008331 0 0 0 0.00833305 0 0 0.0083333328 0 -0.0083333328 0 0 0 0
73 a_green_stone_wall textures/uw2/uw2_073 0.008331 0 0 0 0.00833305 0 0 0.0083333328 0 -0.0083333328 0 0 0 0
74 a_window textures/uw2/uw2_074 0.008331 0 0 0 0.00833305 0 0 0.0083333328 0 -0.0083333328 0 0 0 0
75 a_green_stone_wall_with_manacles textures/uw2/uw2_075 0.008331 0 0 0 0.00833305 0 0 0.0083333328 0 -0.0083333328 0 0 0 0
76 a_bloodstained_green_stone_wall textures/uw2/uw2_076 0.008331 0 0 0 0.00833305 0 0 0.0083333328 0 -0.0083333328 0 0 0 0
77 a_bloodstained_green_stone_wall_with_manacles textures/uw2/uw2_077 0.008331 0 0 0 0.00833305 0 0 0.0083333328 0 -0.0083333328 0 0 0 0
78 a_green_stone_wall_with_graffiti textures/uw2/uw2_078 0.008331 0 0 0 0.00833305 0 0 0.0083333328 0 -0.0083333328 0 0 0 0
79 a_patriotic_banner textures/uw2/uw2_079 0.008331 0 0 0 0.00833305 0 0 0.0083333328 0 -0.0083333328 0 0 0 0
80 a_stone_wall textures/uw2/uw2_080 0.008331 0 0 0 0.00833305 0 0 0.0083333328 0 -0.0083333328 0 0 0 0
81 a_cavern_wall textures/uw2/uw2_081 0.008331 0 0 0 0.00833305 0 0 0.0083333328 0 -0.0083333328 0 0 0 0
82 a_cavern_wall textures/uw2/uw2_082 0.008331 0 0 0 0.00833305 0 0 0.0083333328 0 -0.0083333328 0 0 0 0
83 a_drain textures/uw2/uw2_083 0.008331 0 0 0 0.00833305 0 0 0.0083333328 0 -0.0083333328 0 0 0 0
84 a_stone_wall textures/uw2/uw2_084 0.008331 0 0 0 0.00833305 0 0 0.0083333328 0 -0.0083333328 0 0 0 0
85 a_stone_wall textures/uw2/uw2_085 0.008331 0 0 0 0.00833305 0 0 0.0083333328 0 -0.0083333328 0 0 0 0
86 a_stone_wall textures/uw2/uw2_086 0.008331 0 0 0 0.00833305 0 0 0.0083333328 0 -0.0083333328 0 0 0 0
87 a_stone_wall textures/uw2/uw2_087 0.008331 0 0 0 0.00833305 0 0 0.0083333328 0 -0.0083333328 0 0 0 0
88 a_marble_wall textures/uw2/uw2_088 0.008331 0 0 0 0.00833305 0 0 0.0083333328 0 -0.0083333328 0 0 0 0
89 a_marble_wall textures/uw2/uw2_089 0.008331 0 0 0 0.00833305 0 0 0.0083333328 0 -0.0083333328 0 0 0 0
90 a_marble_wall textures/uw2/uw2_090 0.008331 0 0 0 0.00833305 0 0 0.0083333328 0 -0.0083333328 0 0 0 0
91 a_marble_wall textures/uw2/uw2_091 0.008331 0 0 0 0.00833305 0 0 0.0083333328 0 -0.0083333328 0 0 0 0
92 a_marble_wall textures/uw2/uw2_092 0.008331 0 0 0 0.00833305 0 0 0.0083333328 0 -0.0083333328 0 0 0 0
93 a_marble_wall textures/uw2/uw2_093 0.008331 0 0 0 0.00833305 0 0 0.0083333328 0 -0.0083333328 0 0 0 0
94 a_marble_wall textures/uw2/uw2_094 0.008331 0 0 0 0.00833305 0 0 0.0083333328 0 -0.0083333328 0 0 0 0
95 a_stone_wall textures/uw2/uw2_095 0.008331 0 0 0 0.00833305 0 0 0.0083333328 0 -0.0083333328 0 0 0 0
96 a_massive_double_door textures/uw2/uw2_096 0.008331 0 0 0 0.00833305 0 0 0.0083333328 0 -0.0083333328 0 0 0 0
97 a_massive_double_door textures/uw2/uw2_097 0.008331 0 0 0 0.00833305 0 0 0.0083333328 0 -0.0083333328 0 0 0 0
98 a_massive_double_door textures/uw2/uw2_098 0.008331 0 0 0 0.00833305 0 0 0.0083333328 0 -0.0083333328 0 0 0 0
99 a_blue_substance textures/uw2/uw2_099 0.008331 0 0 0 0.00833305 0 0 0.0083333328 0 -0.0083333328 0 0 0 0
100 a_cracked_ice_wall textures/uw2/uw2_100 0.008331 0 0 0 0.00833305 0 0 0.0083333328 0 -0.0083333328 0 0 0 0
101 a_marble_wall textures/uw2/uw2_101 0.008331 0 0 0 0.00833305 0 0 0.0083333328 0 -0.0083333328 0 0 0 0
102 a_fireplace textures/uw2/uw2_102 0.008331 0 0 0 0.00833305 0 0 0.0083333328 0 -0.0083333328 0 0 0 0
103 blackness textures/uw2/uw2_103 0.008331 0 0 0 0.00833305 0 0 0.0083333328 0 -0.0083333328 0 0 0 0
104 an_irregular_stone_wall textures/uw2/uw2_104 0.008331 0 0 0 0.00833305 0 0 0.0083333328 0 -0.0083333328 0 0 0 0
105 an_irregular_stone_wall textures/uw2/uw2_105 0.008331 0 0 0 0.00833305 0 0 0.0083333328 0 -0.0083333328 0 0 0 0
106 unknown textures/uw2/uw2_106 0.008331 0 0 0 0.00833305 0 0 0.0083333328 0 -0.0083333328 0 0 0 0
107 a_tile_wall textures/uw2/uw2_107 0.008331 0 0 0 0.00833305 0 0 0.0083333328 0 -0.0083333328 0 0 0 0
108 a_grating textures/uw2/uw2_108 0.008331 0 0 0 0.00833305 0 0 0.0083333328 0 -0.0083333328 0 0 0 0
109 unknown textures/uw2/uw2_109 0.008331 0 0 0 0.00833305 0 0 0.0083333328 0 -0.0083333328 0 0 0 0
110 unknown textures/uw2/uw2_110 0.008331 0 0 0 0.00833305 0 0 0.0083333328 0 -0.0083333328 0 0 0 0
111 unknown textures/uw2/uw2_111 0.008331 0 0 0 0.00833305 0 0 0.0083333328 0 -0.0083333328 0 0 0 0
112 an_ankh_banner textures/uw2/uw2_112 0.008331 0 0 0 0.00833305 0 0 0.0083333328 0 -0.0083333328 0 0 0 0
113 an_ankh_banner textures/uw2/uw2_113 0.008331 0 0 0 0.00833305 0 0 0.0083333328 0 -0.0083333328 0 0 0 0
114 a_rough-hewn_wall textures/uw2/uw2_114 0.008331 0 0 0 0.00833305 0 0 0.0083333328 0 -0.0083333328 0 0 0 0
115 a_stone_wall textures/uw2/uw2_115 0.008331 0 0 0 0.00833305 0 0 0.0083333328 0 -0.0083333328 0 0 0 0
116 a_brass_wall textures/uw2/uw2_116 0.008331 0 0 0 0.00833305 0 0 0.0083333328 0 -0.0083333328 0 0 0 0
117 an_etched_brass_wall textures/uw2/uw2_117 0.008331 0 0 0 0.00833305 0 0 0.0083333328 0 -0.0083333328 0 0 0 0
118 an_etched_brass_wall textures/uw2/uw2_118 0.008331 0 0 0 0.00833305 0 0 0.0083333328 0 -0.0083333328 0 0 0 0
119 an_etched_brass_wall textures/uw2/uw2_119 0.008331 0 0 0 0.00833305 0 0 0.0083333328 0 -0.0083333328 0 0 0 0
120 an_ankh textures/uw2/uw2_120 0.008331 0 0 0 0.00833305 0 0 0.0083333328 0 -0.0083333328 0 0 0 0
121 a_waterfall textures/uw2/uw2_121 0.008331 0 0 0 0.00833305 0 0 0.0083333328 0 -0.0083333328 0 0 0 0
122 a_pentagram textures/uw2/uw2_122 0.008331 0 0 0 0.00833305 0 0 0.0083333328 0 -0.0083333328 0 0 0 0
123 a_drain textures/uw2/uw2_123 0.008331 0 0 0 0.00833305 0 0 0.0083333328 0 -0.0083333328 0 0 0 0
124 a_stone_wall textures/uw2/uw2_124 0.008331 0 0 0 0.00833305 0 0 0.0083333328 0 -0.0083333328 0 0 0 0
125 a_stone_wall textures/uw2/uw2_125 0.008331 0 0 0 0.00833305 0 0 0.0083333328 0 -0.0083333328 0 0 0 0
126 a_stone_wall textures/uw2/uw2_126 0.008331 0 0 0 0.00833305 0 0 0.0083333328 0 -0.0083333328 0 0 0 0
127 a_stone_wall textures/uw2/uw2_127 0.008331 0 0 0 0.00833305 0 0 0.0083333328 0 -0.0083333328 0 0 0 0
128 a_stone_wall textures/uw2/uw2_128 0.008331 0 0 0 0.00833305 0 0 0.0083333328 0 -0.0083333328 0 0 0 0
129 a_stone_wall textures/uw2/uw2_129 0.008331 0 0 0 0.00833305 0 0 0.0083333328 0 -0.0083333328 0 0 0 0
130 a_stone_wall textures/uw2/uw2_130 0.008331 0 0 0 0.00833305 0 0 0.0083333328 0 -0.0083333328 0 0 0 0
131 a_stone_wall textures/uw2/uw2_131 0.008331 0 0 0 0.00833305 0 0 0.0083333328 0 -0.0083333328 0 0 0 0
132 a_stone_wall textures/uw2/uw2_132 0.008331 0 0 0 0.00833305 0 0 0.0083333328 0 -0.0083333328 0 0 0 0
133 a_stone_wall textures/uw2/uw2_133 0.008331 0 0 0 0.00833305 0 0 0.0083333328 0 -0.0083333328 0 0 0 0
134 a_stone_wall textures/uw2/uw2_134 0.008331 0 0 0 0.00833305 0 0 0.0083333328 0 -0.0083333328 0 0 0 0
135 a_stone_wall textures/uw2/uw2_135 0.008331 0 0 0 0.00833305 0 0 0.0083333328 0 -0.0083333328 0 0 0 0
136 a_stone_wall textures/uw2/uw2_136 0.008331 0 0 0 0.00833305 0 0 0.0083333328 0 -0.0083333328 0 0 0 0
137 a_stone_wall textures/uw2/uw2_137 0.008331 0 0 0 0.00833305 0 0 0.0083333328 0 -0.0083333328 0 0 0 0
138 a_stone_wall textures/uw2/uw2_138 0.008331 0 0 0 0.00833305 0 0 0.0083333328 0 -0.0083333328 0 0 0 0
139 unknown textures/uw2/uw2_139 0.008331 0 0 0 0.00833305 0 0 0.0083333328 0 -0.0083333328 0 0 0 0
140 a_stone_wall textures/uw2/uw2_140 0.008331 0 0 0 0.00833305 0 0 0.0083333328 0 -0.0083333328 0 0 0 0
141 unknown textures/uw2/uw2_141 0.008331 0 0 0 0.00833305 0 0 0.0083333328 0 -0.0083333328 0 0 0 0
142 a_stone_wall textures/uw2/uw2_142 0.008331 0 0 0 0.00833305 0 0 0.0083333328 0 -0.0083333328 0 0 0 0
143 a_brick_wall textures/uw2/uw2_143 0.008331 0 0 0 0.00833305 0 0 0.0083333328 0 -0.0083333328 0 0 0 0
144 a_graffito textures/uw2/uw2_144 0.008331 0 0 0 0.00833305 0 0 0.0083333328 0 -0.0083333328 0 0 0 0
145 a_graffito textures/uw2/uw2_145 0.008331 0 0 0 0.00833305 0 0 0.0083333328 0 -0.0083333328 0 0 0 0
146 a_graffito textures/uw2/uw2_146 0.008331 0 0 0 0.00833305 0 0 0.0083333328 0 -0.0083333328 0 0 0 0
147 a_graffito textures/uw2/uw2_147 0.008331 0 0 0 0.00833305 0 0 0.0083333328 0 -0.0083333328 0 0 0 0
148 a_graffito textures/uw2/uw2_148 0.008331 0 0 0 0.00833305 0 0 0.0083333328 0 -0.0083333328 0 0 0 0
149 a_graffito textures/uw2/uw2_149 0.008331 0 0 0 0.00833305 0 0 0.0083333328 0 -0.0083333328 0 0 0 0
150 a_graffito textures/uw2/uw2_150 0.008331 0 0 0 0.00833305 0 0 0.0083333328 0 -0.0083333328 0 0 0 0
151 a_graffito textures/uw2/uw2_151 0.008331 0 0 0 0.00833305 0 0 0.0083333328 0 -0.0083333328 0 0 0 0
152 the_wall textures/uw2/uw2_152 0.008331 0 0 0 0.00833305 0 0 0.0083333328 0 -0.0083333328 0 0 0 0
153 a_blackrock_wall textures/uw2/uw2_153 0.008331 0 0 0 0.00833305 0 0 0.0083333328 0 -0.0083333328 0 0 0 0
154 the_Guardian textures/uw2/uw2_154 0.008331 0 0 0 0.00833305 0 0 0.0083333328 0 -0.0083333328 0 0 0 0
155 the_Guardian textures/uw2/uw2_155 0.008331 0 0 0 0.00833305 0 0 0.0083333328 0 -0.0083333328 0 0 0 0
156 the_Guardian textures/uw2/uw2_156 0.008331 0 0 0 0.00833305 0 0 0.0083333328 0 -0.0083333328 0 0 0 0
157 the_Guardian textures/uw2/uw2_157 0.008331 0 0 0 0.00833305 0 0 0.0083333328 0 -0.0083333328 0 0 0 0
158 the_Guardian textures/uw2/uw2_158 0.008331 0 0 0 0.00833305 0 0 0.0083333328 0 -0.0083333328 0 0 0 0
159 the_Guardian textures/uw2/uw2_159 0.008331 0 0 0 0.00833305 0 0 0.0083333328 0 -0.0083333328 0 0 0 0
160 a_marble_wall textures/uw2/uw2_160 0.008331 0 0 0 0.00833305 0 0 0.0083333328 0 -0.0083333328 0 0 0 0
161 a_marble_wall textures/uw2/uw2_161 0.008331 0 0 0 0.00833305 0 0 0.0083333328 0 -0.0083333328 0 0 0 0
162 unknown textures/uw2/uw2_162 0.008331 0 0 0 0.00833305 0 0 0.0083333328 0 -0.0083333328 0 0 0 0
163 unknown textures/uw2/uw2_163 0.008331 0 0 0 0.00833305 0 0 0.0083333328 0 -0.0083333328 0 0 0 0
164 a_blue_bullseye textures/uw2/uw2_164 0.008331 0 0 0 0.00833305 0 0 0.0083333328 0 -0.0083333328 0 0 0 0
165 a_purple_fluid textures/uw2/uw2_165 0.008331 0 0 0 0.00833305 0 0 0.0083333328 0 -0.0083333328 0 0 0 0
166 a_bullseye textures/uw2/uw2_166 0.008331 0 0 0 0.00833305 0 0 0.0083333328 0 -0.0083333328 0 0 0 0
167 a_trap_door textures/uw2/uw2_167 0.008331 0 0 0 0.00833305 0 0 0.0083333328 0 -0.0083333328 0 0 0 0
168 outer_space textures/uw2/uw2_168 0.008331 0 0 0 0.00833305 0 0 0.0083333328 0 -0.0083333328 0 0 0 0
169 a_blue_and_purple_ethereal_wall textures/uw2/uw2_169 0.008331 0 0 0 0.00833305 0 0 0.0083333328 0 -0.0083333328 0 0 0 0
170 a_gold_wall textures/uw2/uw2_170 0.008331 0 0 0 0.00833305 0 0 0.0083333328 0 -0.0083333328 0 0 0 0
171 a_ladder textures/uw2/uw2_171 0.008331 0 0 0 0.00833305 0 0 0.0083333328 0 -0.0083333328 0 0 0 0
172 a_slick_purple_wall textures/uw2/uw2_172 0.008331 0 0 0 0.00833305 0 0 0.0083333328 0 -0.0083333328 0 0 0 0
173 a_stained-glass_window textures/uw2/uw2_173 0.008331 0 0 0 0.00833305 0 0 0.0083333328 0 -0.0083333328 0 0 0 0
174 a_stained-glass_window textures/uw2/uw2_174 0.008331 0 0 0 0.00833305 0 0 0.0083333328 0 -0.0083333328 0 0 0 0
175 a_silver_serpent_ornament textures/uw2/uw2_175 0.008331 0 0 0 0.00833305 0 0 0.0083333328 0 -0.0083333328 0 0 0 0
176 a_dirt_wall textures/uw2/uw2_176 0.008331 0 0 0 0.00833305 0 0 0.0083333328 0 -0.0083333328 0 0 0 0
177 a_lava_wall textures/uw2/uw2_177 0.008331 0 0 0 0.00833305 0 0 0.0083333328 0 -0.0083333328 0 0 0 0
178 a_stone_wall_with_rivulets_of_lava textures/uw2/uw2_178 0.008331 0 0 0 0.00833305 0 0 0.0083333328 0 -0.0083333328 0 0 0 0
179 a_rug textures/uw2/uw2_179 0.008331 0 0 0 0.00833305 0 0 0.0083333328 0 -0.0083333328 0 0 0 0
180 mud textures/uw2/uw2_180 0.008331 0 0 0 0.00833305 0 0 0.0083333328 0 -0.0083333328 0 0 0 0
181 a_swamp textures/uw2/uw2_181 0.008331 0 0 0 0.00833305 0 0 0.0083333328 0 -0.0083333328 0 0 0 0
182 a_swamp textures/uw2/uw2_182 0.008331 0 0 0 0.00833305 0 0 0.0083333328 0 -0.0083333328 0 0 0 0
183 a_swamp textures/uw2/uw2_183 0.008331 0 0 0 0.00833305 0 0 0.0083333328 0 -0.0083333328 0 0 0 0
184 water textures/uw2/uw2_184 0.008331 0 0 0 0.00833305 0 0 0.0083333328 0 -0.0083333328 0 0 1 0
185 water textures/uw2/uw2_185 0.008331 0 0 0 0.00833305 0 0 0.0083333328 0 -0.0083333328 0 0 1 0
186 water textures/uw2/uw2_186 0.008331 0 0 0 0.00833305 0 0 0.0083333328 0 -0.0083333328 0 0 1 0
187 water textures/uw2/uw2_187 0.008331 0 0 0 0.00833305 0 0 0.0083333328 0 -0.0083333328 0 0 1 0
188 water textures/uw2/uw2_188 0.008331 0 0 0 0.00833305 0 0 0.0083333328 0 -0.0083333328 0 0 1 0
189 water textures/uw2/uw2_189 0.008331 0 0 0 0.00833305 0 0 0.0083333328 0 -0.0083333328 0 0 1 0
190 a_stone_wall textures/uw2/uw2_190 0.008331 0 0 0 0.00833305 0 0 0.0083333328 0 -0.0083333328 0 0 0 0
191 a_stone_wall_with_puddles textures/uw2/uw2_191 0.008331 0 0 0 0.00833305 0 0 0.0083333328 0 -0.0083333328 0 0 0 0
192 water textures/uw2/uw2_192 0.008331 0 0 0 0.00833305 0 0 0.0083333328 0 -0.0083333328 0 0 1 0
193 mud textures/uw2/uw2_193 0.008331 0 0 0 0.00833305 0 0 0.0083333328 0 -0.0083333328 0 0 0 0
194 water textures/uw2/uw2_194 0.008331 0 0 0 0.00833305 0 0 0.0083333328 0 -0.0083333328 0 0 1 0
195 water textures/uw2/uw2_195 0.008331 0 0 0 0.00833305 0 0 0.0083333328 0 -0.0083333328 0 0 1 0
196 a_shore textures/uw2/uw2_196 0.008331 0 0 0 0.00833305 0 0 0.0083333328 0 -0.0083333328 0 0 0 0
197 a_shore textures/uw2/uw2_197 0.008331 0 0 0 0.00833305 0 0 0.0083333328 0 -0.0083333328 0 0 0 0
198 a_shore textures/uw2/uw2_198 0.008331 0 0 0 0.00833305 0 0 0.0083333328 0 -0.0083333328 0 0 0 0
199 a_shore textures/uw2/uw2_199 0.008331 0 0 0 0.00833305 0 0 0.0083333328 0 -0.0083333328 0 0 0 0
200 a_puddle textures/uw2/uw2_200 0.008331 0 0 0 0.00833305 0 0 0.0083333328 0 -0.0083333328 0 0 0 0
201 a_dirt_wall textures/uw2/uw2_201 0.008331 0 0 0 0.00833305 0 0 0.0083333328 0 -0.0083333328 0 0 0 0
202 dirt_and_flagstones textures/uw2/uw2_202 0.008331 0 0 0 0.00833305 0 0 0.0083333328 0 -0.0083333328 0 0 0 0
203 dirt_and_flagstones textures/uw2/uw2_203 0.008331 0 0 0 0.00833305 0 0 0.0083333328 0 -0.0083333328 0 0 0 0
204 dirt_and_flagstones textures/uw2/uw2_204 0.008331 0 0 0 0.00833305 0 0 0.0083333328 0 -0.0083333328 0 0 0 0
205 dirt_and_flagstones textures/uw2/uw2_205 0.008331 0 0 0 0.00833305 0 0 0.0083333328 0 -0.0083333328 0 0 0 0
206 a_puddle_on_flagstones textures/uw2/uw2_206 0.008331 0 0 0 0.00833305 0 0 0.0083333328 0 -0.0083333328 0 0 0 0
207 a_stone_wall textures/uw2/uw2_207 0.008331 0 0 0 0.00833305 0 0 0.0083333328 0 -0.0083333328 0 0 0 0
208 sand textures/uw2/uw2_208 0.008331 0 0 0 0.00833305 0 0 0.0083333328 0 -0.0083333328 0 0 0 0
209 gravel textures/uw2/uw2_209 0.008331 0 0 0 0.00833305 0 0 0.0083333328 0 -0.0083333328 0 0 0 0
210 a_slick_blue_wall textures/uw2/uw2_210 0.008331 0 0 0 0.00833305 0 0 0.0083333328 0 -0.0083333328 0 0 0 0
211 a_rug textures/uw2/uw2_211 0.008331 0 0 0 0.00833305 0 0 0.0083333328 0 -0.0083333328 0 0 0 0
212 a_rug textures/uw2/uw2_212 0.008331 0 0 0 0.00833305 0 0 0.0083333328 0 -0.0083333328 0 0 0 0
213 a_rug textures/uw2/uw2_213 0.008331 0 0 0 0.00833305 0 0 0.0083333328 0 -0.0083333328 0 0 0 0
214 a_bed_of_straw textures/uw2/uw2_214 0.008331 0 0 0 0.00833305 0 0 0.0083333328 0 -0.0083333328 0 0 0 0
215 an_ice_wall textures/uw2/uw2_215 0.008331 0 0 0 0.00833305 0 0 0.0083333328 0 -0.0083333328 0 0 0 0
216 a_pressure_plate textures/uw2/uw2_216 0.008331 0 0 0 0.00833305 0 0 0.0083333328 0 -0.0083333328 0 0 0 0
217 a_pressure_plate textures/uw2/uw2_217 0.008331 0 0 0 0.00833305 0 0 0.0083333328 0 -0.0083333328 0 0 0 0
218 a_marble_wall textures/uw2/uw2_218 0.008331 0 0 0 0.00833305 0 0 0.0083333328 0 -0.0083333328 0 0 0 0
219 a_marble_wall textures/uw2/uw2_219 0.008331 0 0 0 0.00833305 0 0 0.0083333328 0 -0.0083333328 0 0 0 0
220 a_pressure_plate textures/uw2/uw2_220 0.008331 0 0 0 0.00833305 0 0 0.0083333328 0 -0.0083333328 0 0 0 0
221 a_pressure_plate textures/uw2/uw2_221 0.008331 0 0 0 0.00833305 0 0 0.0083333328 0 -0.0083333328 0 0 0 0
222 a_stone_wall textures/uw2/uw2_222 0.008331 0 0 0 0.00833305 0 0 0.0083333328 0 -0.0083333328 0 0 0 0
223 a_stone_wall textures/uw2/uw2_223 0.008331 0 0 0 0.00833305 0 0 0.0083333328 0 -0.0083333328 0 0 0 0
224 an_ice_floe textures/uw2/uw2_224 0.008331 0 0 0 0.00833305 0 0 0.0083333328 0 -0.0083333328 0 0 0 0
225 a_rug textures/uw2/uw2_225 0.008331 0 0 0 0.00833305 0 0 0.0083333328 0 -0.0083333328 0 0 0 0
226 a_rug textures/uw2/uw2_226 0.008331 0 0 0 0.00833305 0 0 0.0083333328 0 -0.0083333328 0 0 0 0
227 a_rug textures/uw2/uw2_227 0.008331 0 0 0 0.00833305 0 0 0.0083333328 0 -0.0083333328 0 0 0 0
228 mud textures/uw2/uw2_228 0.008331 0 0 0 0.00833305 0 0 0.0083333328 0 -0.0083333328 0 0 0 0
229 mud textures/uw2/uw2_229 0.008331 0 0 0 0.00833305 0 0 0.0083333328 0 -0.0083333328 0 0 0 0
230 mud textures/uw2/uw2_230 0.008331 0 0 0 0.00833305 0 0 0.0083333328 0 -0.0083333328 0 0 0 0
231 mud textures/uw2/uw2_231 0.008331 0 0 0 0.00833305 0 0 0.0083333328 0 -0.0083333328 0 0 0 0
232 an_arrow_pointing_down textures/uw2/uw2_232 0.008331 0 0 0 0.00833305 0 0 0.0083333328 0 -0.0083333328 0 0 0 0
233 an_arrow_pointing_right textures/uw2/uw2_233 0.008331 0 0 0 0.00833305 0 0 0.0083333328 0 -0.0083333328 0 0 0 0
234 an_arrow_pointing_up textures/uw2/uw2_234 0.008331 0 0 0 0.00833305 0 0 0.0083333328 0 -0.0083333328 0 0 0 0
235 an_arrow_pointing_left textures/uw2/uw2_235 0.008331 0 0 0 0.00833305 0 0 0.0083333328 0 -0.0083333328 0 0 0 0
236 a_pentagram textures/uw2/uw2_236 0.008331 0 0 0 0.00833305 0 0 0.0083333328 0 -0.0083333328 0 0 0 0
237 a_pentagram textures/uw2/uw2_237 0.008331 0 0 0 0.00833305 0 0 0.0083333328 0 -0.0083333328 0 0 0 0
238 a_pentagram textures/uw2/uw2_238 0.008331 0 0 0 0.00833305 0 0 0.0083333328 0 -0.0083333328 0 0 0 0
239 a_pentagram textures/uw2/uw2_239 0.008331 0 0 0 0.00833305 0 0 0.0083333328 0 -0.0083333328 0 0 0 0
240 a_glowing_red_wall textures/uw2/uw2_240 0.008331 0 0 0 0.00833305 0 0 0.0083333328 0 -0.0083333328 0 0 0 0
241 a_glowing_red_wall textures/uw2/uw2_241 0.008331 0 0 0 0.00833305 0 0 0.0083333328 0 -0.0083333328 0 0 0 0
242 a_glowing_yellow_wall textures/uw2/uw2_242 0.008331 0 0 0 0.00833305 0 0 0.0083333328 0 -0.0083333328 0 0 0 0
243 a_glowing_green_wall textures/uw2/uw2_243 0.008331 0 0 0 0.00833305 0 0 0.0083333328 0 -0.0083333328 0 0 0 0
244 a_glowing_green_wall textures/uw2/uw2_244 0.008331 0 0 0 0.00833305 0 0 0.0083333328 0 -0.0083333328 0 0 0 0
245 a_glowing_blue_wall textures/uw2/uw2_245 0.008331 0 0 0 0.00833305 0 0 0.0083333328 0 -0.0083333328 0 0 0 0
246 a_black_wall textures/uw2/uw2_246 0.008331 0 0 0 0.00833305 0 0 0.0083333328 0 -0.0083333328 0 0 0 0
247 a_glowing_purple_wall textures/uw2/uw2_247 0.008331 0 0 0 0.00833305 0 0 0.0083333328 0 -0.0083333328 0 0 0 0
248 a_glowing_white_wall textures/uw2/uw2_248 0.008331 0 0 0 0.00833305 0 0 0.0083333328 0 -0.0083333328 0 0 0 0
249 a_colored_disk textures/uw2/uw2_249 0.008331 0 0 0 0.00833305 0 0 0.0083333328 0 -0.0083333328 0 0 0 0
250 a_glowing_orange_wall textures/uw2/uw2_250 0.008331 0 0 0 0.00833305 0 0 0.0083333328 0 -0.0083333328 0 0 0 0
251 a_glowing_yellow_wall textures/uw2/uw2_251 0.008331 0 0 0 0.00833305 0 0 0.0083333328 0 -0.0083333328 0 0 0 0
252 a_stone_wall textures/uw2/uw2_252 0.008331 0 0 0 0.00833305 0 0 0.0083333328 0 -0.0083333328 0 0 0 0
253 a_stone_wall textures/uw2/uw2_253 0.008331 0 0 0 0.00833305 0 0 0.0083333328 0 -0.0083333328 0 0 0 0
254 a_stone_wall textures/uw2/uw2_254 0.008331 0 0 0 0.00833305 0 0 0.0083333328 0 -0.0083333328 0 0 0 0
